1432906498;6.6;DOWN;DOWN;6.64;6.64;0;1432906363;6.64
1432906558;6.6;DOWN;DOWN;6.64;6.6;1432906498;1432906498;6.64
1432906617;6.6;DOWN;DOWN;6.64;6.6;1432906498;1432906558;6.64
50928;4.54;UP;UP;4.53;4.53;0;50791;4.53
51002;4.56;UP;UP;4.53;4.53;0;50928;4.53
51107;4.56;UP;UP;4.56;4.53;51002;51002;4.53
51181;4.56;UP;UP;4.56;4.53;51002;51107;4.53
51289;4.54;UP;UP;4.56;4.53;51181;51181;4.53
51349;4.5499;UP;UP;4.56;4.53;51181;51289;4.53
51412;4.55;UP;UP;4.56;4.53;51181;51349;4.53
51481;4.54;UP;UP;4.55;4.53;51412;51412;4.53
51569;4.54;UP;UP;4.55;4.53;51412;51481;4.53
51649;4.5501;UP;UP;4.55;4.54;51569;51569;4.53
51720;4.569;UP;UP;4.55;4.54;51569;51649;4.53
51771;4.57;UP;UP;4.55;4.54;51569;51720;4.53
51867;4.57;UP;UP;4.57;4.54;51771;51771;4.53
52025;4.58;UP;UP;4.57;4.54;51771;51867;4.53
52173;4.58;UP;UP;4.58;4.54;52025;52025;4.53
52233;4.5834;UP;UP;4.58;4.54;52025;52173;4.53
52292;4.59;UP;UP;4.58;4.54;52025;52233;4.53
52344;4.6;UP;UP;4.58;4.54;52025;52292;4.53
52412;4.6;UP;UP;4.6;4.54;52344;52344;4.53
52470;4.6099;UP;UP;4.6;4.54;52344;52412;4.53
52533;4.62;UP;UP;4.6;4.54;52344;52470;4.53
52594;4.625;UP;UP;4.6;4.54;52344;52533;4.53
52652;4.63;UP;UP;4.6;4.54;52344;52594;4.53
52711;4.6301;UP;UP;4.6;4.54;52344;52652;4.53
52835;4.635;UP;UP;4.6;4.54;52344;52711;4.53
52924;4.6202;UP;UP;4.635;4.54;52835;52835;4.53
52996;4.63;UP;UP;4.635;4.54;52835;52924;4.53
53066;4.63;UP;UP;4.63;4.54;52996;52996;4.53
53117;4.63;UP;UP;4.63;4.54;52996;53066;4.53
53191;4.6203;UP;UP;4.63;4.54;53117;53117;4.53
53252;4.63;UP;UP;4.63;4.54;53117;53191;4.53
53362;4.6101;UP;UP;4.63;4.54;53252;53252;4.53
53431;4.61;UP;UP;4.63;4.54;53252;53362;4.53
53485;4.61;DOWN;UP;4.63;4.61;53431;53431;4.53
53584;4.615;DOWN;DOWN;4.63;4.61;53431;53485;4.63
53644;4.615;UP;DOWN;4.615;4.61;53584;53584;4.63
53696;4.605;DOWN;UP;4.615;4.61;53584;53644;4.61
53766;4.614;DOWN;DOWN;4.615;4.605;53696;53696;4.615
53835;4.62;UP;DOWN;4.615;4.605;53696;53766;4.615
53904;4.62;UP;UP;4.62;4.605;53835;53835;4.605
54001;4.625;UP;UP;4.62;4.605;53835;53904;4.605
54124;4.625;UP;UP;4.625;4.605;54001;54001;4.605
54184;4.625;UP;UP;4.625;4.605;54001;54124;4.605
54248;4.63;UP;UP;4.625;4.625;54184;54184;4.605
54309;4.64;UP;UP;4.625;4.625;54184;54248;4.605
54394;4.625;DOWN;UP;4.64;4.625;54309;54309;4.605
54454;4.625;DOWN;DOWN;4.64;4.625;54309;54394;4.64
54514;4.625;DOWN;DOWN;4.64;4.625;54309;54454;4.64
54574;4.625;DOWN;DOWN;4.64;4.625;54309;54514;4.64
54628;4.63;DOWN;DOWN;4.64;4.625;54574;54574;4.64
54697;4.6381;DOWN;DOWN;4.64;4.625;54574;54628;4.64
54782;4.63;DOWN;DOWN;4.6381;4.625;54697;54697;4.64
54837;4.625;DOWN;DOWN;4.6381;4.625;54697;54782;4.64
54944;4.63;DOWN;DOWN;4.6381;4.625;54837;54837;4.64
55005;4.63;DOWN;DOWN;4.6381;4.625;54837;54944;4.64
55087;4.62;DOWN;DOWN;4.63;4.625;55005;55005;4.64
55140;4.63;UP;DOWN;4.63;4.625;55005;55087;4.64
55202;4.625;DOWN;UP;4.63;4.625;55140;55140;4.625
55286;4.63;UP;DOWN;4.63;4.625;55140;55202;4.63
55354;4.629;UP;UP;4.63;4.625;55286;55286;4.625
55412;4.63;UP;UP;4.63;4.625;55286;55354;4.625
55470;4.62;DOWN;UP;4.63;4.625;55412;55412;4.625
55567;4.615;DOWN;DOWN;4.63;4.625;55412;55470;4.63
55627;4.62;DOWN;DOWN;4.63;4.615;55567;55567;4.63
55692;4.615;DOWN;DOWN;4.63;4.615;55567;55627;4.63
55762;4.62;DOWN;DOWN;4.63;4.615;55692;55692;4.63
55840;4.605;DOWN;DOWN;4.63;4.615;55692;55762;4.63
55930;4.58;DOWN;DOWN;4.63;4.615;55692;55840;4.63
55998;4.5748;DOWN;DOWN;4.63;4.615;55692;55930;4.63
56062;4.57;DOWN;DOWN;4.63;4.615;55692;55998;4.63
56062;short;4.5710
56151;4.57;DOWN;DOWN;4.63;4.57;56062;56062;4.63
56151;short;4.5710
56212;4.57;DOWN;DOWN;4.63;4.57;56062;56151;4.63
56212;short;4.5710
56269;4.56;DOWN;DOWN;4.57;4.57;56212;56212;4.63
56269;short;4.5610
56351;4.57;UP;DOWN;4.57;4.57;56212;56269;4.63
56405;4.56;DOWN;UP;4.57;4.57;56351;56351;4.57
56457;4.56;DOWN;DOWN;4.57;4.57;56351;56405;4.57
56526;4.56;DOWN;DOWN;4.57;4.57;56351;56457;4.57
56582;4.56;DOWN;DOWN;4.57;4.57;56351;56526;4.57
56652;4.56;DOWN;DOWN;4.57;4.57;56351;56582;4.57
56738;4.56;DOWN;DOWN;4.57;4.57;56351;56652;4.57
56829;4.57;UP;DOWN;4.57;4.56;56738;56738;4.57
56911;4.565;UP;UP;4.57;4.56;56738;56829;4.56
56971;4.57;UP;UP;4.57;4.565;56911;56911;4.56
57047;4.58;UP;UP;4.57;4.565;56911;56971;4.56
57126;4.58;UP;UP;4.58;4.565;57047;57047;4.56
57187;4.585;UP;UP;4.58;4.565;57047;57126;4.56
57266;4.58;UP;UP;4.585;4.565;57187;57187;4.56
57318;4.5769;UP;UP;4.585;4.565;57187;57266;4.56
57404;4.57;UP;UP;4.585;4.565;57187;57318;4.56
57481;4.565;DOWN;UP;4.585;4.565;57187;57404;4.56
57608;4.545;DOWN;DOWN;4.585;4.565;57187;57481;4.585
57671;4.52;DOWN;DOWN;4.585;4.565;57187;57608;4.585
57729;4.539;DOWN;DOWN;4.585;4.52;57671;57671;4.585
57791;4.54;DOWN;DOWN;4.585;4.52;57671;57729;4.585
57791;short;4.5410
57874;4.55;DOWN;DOWN;4.585;4.52;57671;57791;4.585
57874;short;4.5510
57963;4.55;UP;DOWN;4.55;4.52;57874;57874;4.585
58064;4.53;UP;UP;4.55;4.52;57874;57963;4.52
58120;4.535;UP;UP;4.55;4.53;58064;58064;4.52
58175;4.5308;UP;UP;4.55;4.53;58064;58120;4.52
58240;4.535;UP;UP;4.55;4.5308;58175;58175;4.52
58431;4.53;DOWN;UP;4.55;4.5308;58175;58240;4.52
58498;4.5488;DOWN;DOWN;4.55;4.53;58431;58431;4.55
58607;4.545;DOWN;DOWN;4.55;4.53;58431;58498;4.55
58671;4.54;DOWN;DOWN;4.55;4.53;58431;58607;4.55
58733;4.55;UP;DOWN;4.55;4.54;58671;58671;4.55
58815;4.55;UP;UP;4.55;4.54;58671;58733;4.54
58897;4.55;UP;UP;4.55;4.54;58671;58815;4.54
58968;4.55;UP;UP;4.55;4.54;58671;58897;4.54
59086;4.55;UP;UP;4.55;4.54;58671;58968;4.54
59164;4.55;UP;UP;4.55;4.54;58671;59086;4.54
59244;4.55;UP;UP;4.55;4.54;58671;59164;4.54
59329;4.55;UP;UP;4.55;4.54;58671;59244;4.54
59412;4.55;UP;UP;4.55;4.54;58671;59329;4.54
59470;4.55;UP;UP;4.55;4.54;58671;59412;4.54
59532;4.55;UP;UP;4.55;4.54;58671;59470;4.54
59583;4.56;UP;UP;4.55;4.55;59532;59532;4.54
59656;4.56;UP;UP;4.55;4.55;59532;59583;4.54
59741;4.56;UP;UP;4.55;4.55;59532;59656;4.54
59828;4.56;UP;UP;4.55;4.55;59532;59741;4.54
59892;4.5529;UP;UP;4.56;4.55;59828;59828;4.54
59958;4.56;UP;UP;4.56;4.55;59828;59892;4.54
60074;4.545;DOWN;UP;4.56;4.55;59958;59958;4.54
60135;4.55;DOWN;DOWN;4.56;4.55;59958;60074;4.56
60244;4.56;UP;DOWN;4.56;4.55;59958;60135;4.56
60338;4.56;UP;UP;4.56;4.55;60244;60244;4.55
60549;4.55;DOWN;UP;4.56;4.55;60244;60338;4.55
60611;4.55;DOWN;DOWN;4.56;4.55;60549;60549;4.56
60701;4.55;DOWN;DOWN;4.56;4.55;60549;60611;4.56
60850;4.56;UP;DOWN;4.56;4.55;60701;60701;4.56
60944;4.56;UP;UP;4.56;4.55;60701;60850;4.55
61039;4.56;UP;UP;4.56;4.55;60701;60944;4.55
61161;4.56;UP;UP;4.56;4.55;60701;61039;4.55
61214;4.55;DOWN;UP;4.56;4.55;61161;61161;4.55
61297;4.54;DOWN;DOWN;4.56;4.55;61161;61214;4.56
61357;4.545;DOWN;DOWN;4.56;4.54;61297;61297;4.56
61545;4.54;DOWN;DOWN;4.56;4.54;61297;61357;4.56
61640;4.545;DOWN;DOWN;4.56;4.54;61545;61545;4.56
61714;4.55;DOWN;DOWN;4.56;4.54;61545;61640;4.56
61779;4.55;UP;DOWN;4.55;4.54;61714;61714;4.56
61877;4.55;UP;UP;4.55;4.54;61714;61779;4.54
61930;4.555;UP;UP;4.55;4.55;61877;61877;4.54
62001;4.56;UP;UP;4.55;4.55;61877;61930;4.54
62091;4.56;UP;UP;4.56;4.55;62001;62001;4.54
62182;4.555;UP;UP;4.56;4.55;62001;62091;4.54
62241;4.56;UP;UP;4.56;4.555;62182;62182;4.54
62297;4.56;UP;UP;4.56;4.555;62182;62241;4.54
62391;4.555;DOWN;UP;4.56;4.555;62297;62297;4.54
62482;4.56;UP;DOWN;4.56;4.555;62297;62391;4.56
62541;4.555;DOWN;UP;4.56;4.555;62482;62482;4.555
62601;4.555;DOWN;DOWN;4.56;4.555;62482;62541;4.56
62687;4.56;UP;DOWN;4.56;4.555;62601;62601;4.56
62771;4.56;UP;UP;4.56;4.555;62601;62687;4.555
62863;4.56;UP;UP;4.56;4.555;62601;62771;4.555
62957;4.56;UP;UP;4.56;4.555;62601;62863;4.555
63010;4.56;UP;UP;4.56;4.555;62601;62957;4.555
63077;4.56;UP;UP;4.56;4.555;62601;63010;4.555
63175;4.555;DOWN;UP;4.56;4.555;63077;63077;4.555
63244;4.555;DOWN;DOWN;4.56;4.555;63077;63175;4.56
63307;4.555;DOWN;DOWN;4.56;4.555;63077;63244;4.56
63444;4.55;DOWN;DOWN;4.555;4.555;63307;63307;4.56
63504;4.56;UP;DOWN;4.555;4.555;63307;63444;4.56
63590;4.56;UP;UP;4.56;4.555;63504;63504;4.555
63676;4.56;UP;UP;4.56;4.555;63504;63590;4.555
63762;4.56;UP;UP;4.56;4.555;63504;63676;4.555
63836;4.555;DOWN;UP;4.56;4.555;63762;63762;4.555
63891;4.56;UP;DOWN;4.56;4.555;63762;63836;4.56
64028;4.555;DOWN;UP;4.56;4.555;63891;63891;4.555
64095;4.55;DOWN;DOWN;4.56;4.555;63891;64028;4.56
64165;4.55;DOWN;DOWN;4.56;4.55;64095;64095;4.56
64307;4.555;DOWN;DOWN;4.56;4.55;64095;64165;4.56
64374;4.56;UP;DOWN;4.56;4.55;64095;64307;4.56
64441;4.56;UP;UP;4.56;4.55;64374;64374;4.55
64494;4.555;UP;UP;4.56;4.55;64374;64441;4.55
64552;4.56;UP;UP;4.56;4.555;64494;64494;4.55
64618;4.555;DOWN;UP;4.56;4.555;64494;64552;4.55
64709;4.55;DOWN;DOWN;4.56;4.555;64494;64618;4.56
64797;4.56;UP;DOWN;4.56;4.55;64709;64709;4.56
64859;4.55;DOWN;UP;4.56;4.55;64709;64797;4.55
64948;4.56;UP;DOWN;4.56;4.55;64859;64859;4.56
65036;4.555;UP;UP;4.56;4.55;64859;64948;4.55
65101;4.555;DOWN;UP;4.56;4.555;65036;65036;4.55
65174;4.56;UP;DOWN;4.56;4.555;65036;65101;4.56
65248;4.56;UP;UP;4.56;4.555;65174;65174;4.555
65307;4.555;DOWN;UP;4.56;4.555;65174;65248;4.555
65365;4.56;UP;DOWN;4.56;4.555;65307;65307;4.56
65416;4.555;DOWN;UP;4.56;4.555;65307;65365;4.555
65467;4.56;UP;DOWN;4.56;4.555;65416;65416;4.56
65551;4.55;DOWN;UP;4.56;4.555;65416;65467;4.555
65631;4.55;DOWN;DOWN;4.56;4.55;65551;65551;4.56
65684;4.56;UP;DOWN;4.56;4.55;65551;65631;4.56
65759;4.56;UP;UP;4.56;4.55;65684;65684;4.55
65833;4.555;UP;UP;4.56;4.55;65684;65759;4.55
65901;4.56;UP;UP;4.56;4.555;65833;65833;4.55
65974;4.56;UP;UP;4.56;4.555;65833;65901;4.55
66043;4.56;UP;UP;4.56;4.555;65833;65974;4.55
66117;4.56;UP;UP;4.56;4.555;65833;66043;4.55
66208;4.53;DOWN;UP;4.56;4.555;66117;66117;4.55
66337;4.52;DOWN;DOWN;4.56;4.555;66117;66208;4.56
66481;4.525;DOWN;DOWN;4.56;4.52;66337;66337;4.56
66558;4.535;DOWN;DOWN;4.56;4.52;66337;66481;4.56
66655;4.54;DOWN;DOWN;4.56;4.52;66337;66558;4.56
66719;4.54;UP;DOWN;4.54;4.52;66655;66655;4.56
66804;4.54;UP;UP;4.54;4.52;66655;66719;4.52
66866;4.5441;UP;UP;4.54;4.54;66804;66804;4.52
66917;4.545;UP;UP;4.54;4.54;66804;66866;4.52
67014;4.545;UP;UP;4.545;4.54;66917;66917;4.52
67079;4.55;UP;UP;4.545;4.54;66917;67014;4.52
67135;4.55;UP;UP;4.55;4.54;67079;67079;4.52
67199;4.535;DOWN;UP;4.55;4.54;67079;67135;4.52
67263;4.55;UP;DOWN;4.55;4.535;67199;67199;4.55
67328;4.545;UP;UP;4.55;4.535;67199;67263;4.535
67407;4.55;UP;UP;4.55;4.545;67328;67328;4.535
67500;4.55;UP;UP;4.55;4.545;67328;67407;4.535
67582;4.55;UP;UP;4.55;4.545;67328;67500;4.535
67651;4.55;UP;UP;4.55;4.545;67328;67582;4.535
67744;4.55;UP;UP;4.55;4.545;67328;67651;4.535
67799;4.55;UP;UP;4.55;4.545;67328;67744;4.535
67871;4.55;UP;UP;4.55;4.545;67328;67799;4.535
67938;4.55;UP;UP;4.55;4.545;67328;67871;4.535
67995;4.55;UP;UP;4.55;4.545;67328;67938;4.535
68069;4.55;UP;UP;4.55;4.545;67328;67995;4.535
68161;4.54;DOWN;UP;4.55;4.545;68069;68069;4.535
68252;4.55;UP;DOWN;4.55;4.545;68069;68161;4.55
68369;4.55;UP;UP;4.55;4.545;68252;68252;4.545
68433;4.55;UP;UP;4.55;4.545;68252;68369;4.545
68520;4.55;UP;UP;4.55;4.545;68252;68433;4.545
68587;4.55;UP;UP;4.55;4.545;68252;68520;4.545
68653;4.545;DOWN;UP;4.55;4.545;68587;68587;4.545
68704;4.545;DOWN;DOWN;4.55;4.545;68587;68653;4.55
68789;4.55;UP;DOWN;4.55;4.545;68704;68704;4.55
68840;4.55;UP;UP;4.55;4.545;68704;68789;4.545
68925;4.5425;DOWN;UP;4.55;4.545;68840;68840;4.545
68994;4.545;DOWN;DOWN;4.55;4.545;68840;68925;4.55
69089;4.55;UP;DOWN;4.55;4.545;68840;68994;4.55
69152;4.55;UP;UP;4.55;4.545;69089;69089;4.545
69237;4.545;DOWN;UP;4.55;4.545;69089;69152;4.545
69291;4.55;UP;DOWN;4.55;4.545;69237;69237;4.55
69346;4.55;UP;UP;4.55;4.545;69237;69291;4.545
69421;4.55;UP;UP;4.55;4.545;69237;69346;4.545
69486;4.55;UP;UP;4.55;4.545;69237;69421;4.545
69544;4.5458;UP;UP;4.55;4.545;69486;69486;4.545
69609;4.5501;UP;UP;4.55;4.545;69486;69544;4.545
69668;4.53;DOWN;UP;4.5501;4.545;69609;69609;4.545
69728;4.525;DOWN;DOWN;4.5501;4.545;69609;69668;4.5501
69789;4.53;DOWN;DOWN;4.5501;4.525;69728;69728;4.5501
69845;4.53;DOWN;DOWN;4.5501;4.525;69728;69789;4.5501
69955;4.525;DOWN;DOWN;4.53;4.525;69845;69845;4.5501
70009;4.53;UP;DOWN;4.53;4.525;69845;69955;4.5501
70085;4.5342;UP;UP;4.53;4.525;69845;70009;4.525
70149;4.535;UP;UP;4.53;4.525;69845;70085;4.525
70232;4.535;UP;UP;4.535;4.525;70149;70149;4.525
70297;4.535;UP;UP;4.535;4.525;70149;70232;4.525
70358;4.54;UP;UP;4.535;4.535;70297;70297;4.525
70447;4.54;UP;UP;4.535;4.535;70297;70358;4.525
70519;4.54;UP;UP;4.535;4.535;70297;70447;4.525
70583;4.54;UP;UP;4.535;4.535;70297;70519;4.525
70654;4.535;DOWN;UP;4.54;4.535;70583;70583;4.525
70719;4.535;DOWN;DOWN;4.54;4.535;70583;70654;4.54
70779;4.54;UP;DOWN;4.54;4.535;70719;70719;4.54
70835;4.535;DOWN;UP;4.54;4.535;70719;70779;4.535
70891;4.535;DOWN;DOWN;4.54;4.535;70835;70835;4.54
70961;4.54;UP;DOWN;4.54;4.535;70835;70891;4.54
71021;4.535;DOWN;UP;4.54;4.535;70961;70961;4.535
71106;4.53;DOWN;DOWN;4.54;4.535;70961;71021;4.54
71166;4.53;DOWN;DOWN;4.54;4.53;71106;71106;4.54
71227;4.53;DOWN;DOWN;4.54;4.53;71106;71166;4.54
71284;4.53;DOWN;DOWN;4.54;4.53;71106;71227;4.54
71351;4.54;UP;DOWN;4.54;4.53;71284;71284;4.54
71410;4.54;UP;UP;4.54;4.53;71284;71351;4.53
71466;4.535;UP;UP;4.54;4.53;71410;71410;4.53
71533;4.535;UP;UP;4.54;4.53;71410;71466;4.53
71590;4.535;UP;UP;4.54;4.53;71410;71533;4.53
71648;4.545;UP;UP;4.54;4.535;71590;71590;4.53
71702;4.545;UP;UP;4.54;4.535;71590;71648;4.53
71764;4.545;UP;UP;4.54;4.535;71590;71702;4.53
71829;4.535;DOWN;UP;4.545;4.535;71764;71764;4.53
71886;4.52;DOWN;DOWN;4.545;4.535;71764;71829;4.545
71952;4.525;DOWN;DOWN;4.545;4.52;71886;71886;4.545
72041;4.525;DOWN;DOWN;4.545;4.52;71886;71952;4.545
72162;4.525;DOWN;DOWN;4.545;4.52;71886;72041;4.545
72310;4.52;DOWN;DOWN;4.525;4.52;72162;72162;4.545
