50854;22.74;UP;DOWN;22.735;22.735;0;50794;22.735
50914;22.72;DOWN;UP;22.74;22.735;50854;50854;22.735
50973;22.6979;DOWN;DOWN;22.74;22.735;50854;50914;22.74
51033;22.7072;DOWN;DOWN;22.74;22.6979;50973;50973;22.74
51095;22.679;DOWN;DOWN;22.74;22.6979;50973;51033;22.74
51155;22.685;DOWN;DOWN;22.74;22.679;51095;51095;22.74
51215;22.6589;DOWN;DOWN;22.74;22.679;51095;51155;22.74
51275;22.675;DOWN;DOWN;22.74;22.6589;51215;51215;22.74
51335;22.72;DOWN;DOWN;22.74;22.6589;51215;51275;22.74
51395;22.6794;DOWN;DOWN;22.72;22.6589;51335;51335;22.74
51454;22.66;DOWN;DOWN;22.72;22.6589;51335;51395;22.74
51515;22.63;DOWN;DOWN;22.72;22.6589;51335;51454;22.74
51575;22.61;DOWN;DOWN;22.72;22.6589;51335;51515;22.74
51575;short;22.6110
51636;22.61;DOWN;DOWN;22.72;22.61;51575;51575;22.74
51695;22.65;DOWN;DOWN;22.72;22.61;51575;51636;22.74
51756;22.675;DOWN;DOWN;22.72;22.61;51575;51695;22.74
51813;22.67;DOWN;DOWN;22.675;22.61;51756;51756;22.74
51876;22.715;UP;DOWN;22.675;22.61;51756;51813;22.74
51936;22.7055;UP;UP;22.715;22.61;51876;51876;22.61
51995;22.7452;UP;UP;22.715;22.61;51876;51936;22.61
52056;22.7484;UP;UP;22.715;22.61;51876;51995;22.61
52116;22.75;UP;UP;22.715;22.61;51876;52056;22.61
52175;22.7573;UP;UP;22.715;22.61;51876;52116;22.61
52237;22.7239;UP;UP;22.7573;22.61;52175;52175;22.61
52296;22.7499;UP;UP;22.7573;22.61;52175;52237;22.61
52356;22.74;UP;UP;22.7499;22.61;52296;52296;22.61
52417;22.746;UP;UP;22.7499;22.61;52296;52356;22.61
52476;22.7634;UP;UP;22.7499;22.61;52296;52417;22.61
52537;22.7664;UP;UP;22.7499;22.61;52296;52476;22.61
52598;22.745;UP;UP;22.7664;22.61;52537;52537;22.61
52658;22.725;UP;UP;22.7664;22.61;52537;52598;22.61
52716;22.72;UP;UP;22.7664;22.61;52537;52658;22.61
52777;22.685;UP;UP;22.7664;22.61;52537;52716;22.61
52838;22.65;UP;UP;22.7664;22.61;52537;52777;22.61
52899;22.635;UP;UP;22.7664;22.61;52537;52838;22.61
52958;22.67;UP;UP;22.7664;22.635;52899;52899;22.61
53017;22.685;UP;UP;22.7664;22.635;52899;52958;22.61
53079;22.71;UP;UP;22.7664;22.635;52899;53017;22.61
53139;22.725;UP;UP;22.7664;22.635;52899;53079;22.61
53193;22.7206;UP;UP;22.725;22.635;53139;53139;22.61
53260;22.725;UP;UP;22.725;22.635;53139;53193;22.61
53316;22.713;UP;UP;22.725;22.635;53260;53260;22.61
53375;22.69;UP;UP;22.725;22.635;53260;53316;22.61
53438;22.665;UP;UP;22.725;22.635;53260;53375;22.61
53498;22.6784;UP;UP;22.725;22.665;53438;53438;22.61
53560;22.695;UP;UP;22.725;22.665;53438;53498;22.61
53617;22.68;UP;UP;22.695;22.665;53560;53560;22.61
53680;22.705;UP;UP;22.695;22.665;53560;53617;22.61
53735;22.675;UP;UP;22.705;22.665;53680;53680;22.61
53799;22.665;DOWN;UP;22.705;22.665;53680;53735;22.61
53861;22.68;DOWN;DOWN;22.705;22.665;53799;53799;22.705
53920;22.6935;DOWN;DOWN;22.705;22.665;53799;53861;22.705
53975;22.715;UP;DOWN;22.705;22.665;53799;53920;22.705
54039;22.725;UP;UP;22.705;22.665;53799;53975;22.665
54097;22.7252;UP;UP;22.705;22.665;53799;54039;22.665
54160;22.715;UP;UP;22.7252;22.665;54097;54097;22.665
54218;22.715;UP;UP;22.7252;22.665;54097;54160;22.665
54280;22.679;UP;UP;22.715;22.665;54218;54218;22.665
54341;22.6601;DOWN;UP;22.715;22.665;54218;54280;22.665
54400;22.6737;DOWN;DOWN;22.715;22.6601;54341;54341;22.715
54462;22.65;DOWN;DOWN;22.715;22.6601;54341;54400;22.715
54520;22.6459;DOWN;DOWN;22.715;22.6601;54341;54462;22.715
54582;22.675;DOWN;DOWN;22.715;22.6459;54520;54520;22.715
54642;22.6967;DOWN;DOWN;22.715;22.6459;54520;54582;22.715
54701;22.7;DOWN;DOWN;22.715;22.6459;54520;54642;22.715
54762;22.69;DOWN;DOWN;22.7;22.6459;54701;54701;22.715
54822;22.665;DOWN;DOWN;22.7;22.6459;54701;54762;22.715
54882;22.645;DOWN;DOWN;22.7;22.6459;54701;54822;22.715
54942;22.67;DOWN;DOWN;22.7;22.645;54882;54882;22.715
55001;22.6684;DOWN;DOWN;22.7;22.645;54882;54942;22.715
55055;22.66;DOWN;DOWN;22.7;22.645;54882;55001;22.715
55123;22.655;DOWN;DOWN;22.7;22.645;54882;55055;22.715
55181;22.64;DOWN;DOWN;22.7;22.645;54882;55123;22.715
55243;22.645;DOWN;DOWN;22.7;22.64;55181;55181;22.715
55303;22.6162;DOWN;DOWN;22.7;22.64;55181;55243;22.715
55360;22.605;DOWN;DOWN;22.7;22.64;55181;55303;22.715
55423;22.62;DOWN;DOWN;22.7;22.605;55360;55360;22.715
55481;22.6;DOWN;DOWN;22.7;22.605;55360;55423;22.715
55542;22.615;DOWN;DOWN;22.7;22.6;55481;55481;22.715
55600;22.62;DOWN;DOWN;22.7;22.6;55481;55542;22.715
55662;22.62;UP;DOWN;22.62;22.6;55600;55600;22.715
55724;22.67;UP;UP;22.62;22.6;55600;55662;22.6
55784;22.64;UP;UP;22.67;22.6;55724;55724;22.6
55844;22.63;UP;UP;22.67;22.6;55724;55784;22.6
55904;22.62;UP;UP;22.67;22.6;55724;55844;22.6
55962;22.615;UP;UP;22.67;22.6;55724;55904;22.6
56025;22.579;DOWN;UP;22.67;22.6;55724;55962;22.6
56085;22.58;DOWN;DOWN;22.67;22.579;56025;56025;22.67
56141;22.5742;DOWN;DOWN;22.67;22.579;56025;56085;22.67
56205;22.53;DOWN;DOWN;22.67;22.579;56025;56141;22.67
56264;22.5211;DOWN;DOWN;22.67;22.579;56025;56205;22.67
56325;22.5368;DOWN;DOWN;22.67;22.5211;56264;56264;22.67
56325;short;22.536810
56385;22.555;DOWN;DOWN;22.67;22.5211;56264;56325;22.67
56445;22.52;DOWN;DOWN;22.555;22.5211;56385;56385;22.67
56445;short;22.5210
56506;22.52;DOWN;DOWN;22.555;22.5211;56385;56445;22.67
56506;short;22.5210
56566;22.5;DOWN;DOWN;22.52;22.5211;56506;56506;22.67
56566;short;22.510
56625;22.51;DOWN;DOWN;22.52;22.5211;56506;56566;22.67
56625;short;22.5110
56686;22.52;UP;DOWN;22.52;22.5211;56506;56625;22.67
56745;22.5148;DOWN;UP;22.52;22.5211;56686;56686;22.5211
56806;22.48;DOWN;DOWN;22.52;22.5211;56686;56745;22.52
56865;22.505;DOWN;DOWN;22.52;22.48;56806;56806;22.52
56926;22.49;DOWN;DOWN;22.52;22.48;56806;56865;22.52
56984;22.5;DOWN;DOWN;22.52;22.49;56926;56926;22.52
57045;22.5;DOWN;DOWN;22.52;22.49;56926;56984;22.52
57107;22.47;DOWN;DOWN;22.5;22.49;57045;57045;22.52
57161;22.495;DOWN;DOWN;22.5;22.49;57045;57107;22.52
57222;22.4883;DOWN;DOWN;22.495;22.49;57161;57161;22.52
57287;22.49;DOWN;DOWN;22.495;22.49;57161;57222;22.52
57347;22.49;UP;DOWN;22.49;22.49;57287;57287;22.52
57407;22.48;DOWN;UP;22.49;22.49;57287;57347;22.49
57466;22.4356;DOWN;DOWN;22.49;22.49;57287;57407;22.49
57527;22.42;DOWN;DOWN;22.49;22.49;57287;57466;22.49
57588;22.4141;DOWN;DOWN;22.49;22.49;57287;57527;22.49
57648;22.425;DOWN;DOWN;22.49;22.4141;57588;57588;22.49
57708;22.385;DOWN;DOWN;22.49;22.4141;57588;57648;22.49
57767;22.42;DOWN;DOWN;22.49;22.385;57708;57708;22.49
57828;22.456;DOWN;DOWN;22.49;22.385;57708;57767;22.49
57888;22.455;DOWN;DOWN;22.456;22.385;57828;57828;22.49
57949;22.48;UP;DOWN;22.456;22.385;57828;57888;22.49
58009;22.46;UP;UP;22.48;22.385;57949;57949;22.385
58065;22.47;UP;UP;22.48;22.385;57949;58009;22.385
58129;22.5;UP;UP;22.48;22.385;57949;58065;22.385
58188;22.4601;UP;UP;22.5;22.385;58129;58129;22.385
58248;22.49;UP;UP;22.5;22.385;58129;58188;22.385
58310;22.4799;UP;UP;22.49;22.385;58248;58248;22.385
58369;22.49;UP;UP;22.49;22.385;58248;58310;22.385
58430;22.485;UP;UP;22.49;22.385;58369;58369;22.385
58489;22.539;UP;UP;22.49;22.385;58369;58430;22.385
58549;22.53;UP;UP;22.539;22.385;58489;58489;22.385
58609;22.535;UP;UP;22.539;22.385;58489;58549;22.385
58670;22.515;UP;UP;22.535;22.385;58609;58609;22.385
58730;22.5164;UP;UP;22.535;22.385;58609;58670;22.385
58790;22.525;UP;UP;22.535;22.385;58609;58730;22.385
58849;22.52;UP;UP;22.525;22.385;58790;58790;22.385
58910;22.56;UP;UP;22.525;22.385;58790;58849;22.385
58971;22.565;UP;UP;22.525;22.385;58790;58910;22.385
59028;22.57;UP;UP;22.525;22.385;58790;58971;22.385
59091;22.58;UP;UP;22.525;22.385;58790;59028;22.385
59151;22.5825;UP;UP;22.525;22.385;58790;59091;22.385
59211;22.6;UP;UP;22.525;22.385;58790;59151;22.385
59270;22.6099;UP;UP;22.525;22.385;58790;59211;22.385
59325;22.6052;UP;UP;22.6099;22.385;59270;59270;22.385
59392;22.615;UP;UP;22.6099;22.385;59270;59325;22.385
59451;22.58;UP;UP;22.615;22.385;59392;59392;22.385
59511;22.5856;UP;UP;22.615;22.385;59392;59451;22.385
59572;22.5501;UP;UP;22.5856;22.385;59511;59511;22.385
59632;22.55;UP;UP;22.5856;22.385;59511;59572;22.385
59691;22.55;DOWN;UP;22.5856;22.55;59632;59632;22.385
59752;22.55;DOWN;DOWN;22.5856;22.55;59632;59691;22.5856
59813;22.52;DOWN;DOWN;22.55;22.55;59752;59752;22.5856
59869;22.57;UP;DOWN;22.55;22.55;59752;59813;22.5856
59924;22.565;UP;UP;22.57;22.55;59869;59869;22.55
59992;22.535;DOWN;UP;22.57;22.55;59869;59924;22.55
60053;22.52;DOWN;DOWN;22.57;22.55;59869;59992;22.57
60107;22.54;DOWN;DOWN;22.57;22.52;60053;60053;22.57
60173;22.5567;DOWN;DOWN;22.57;22.52;60053;60107;22.57
60226;22.561;DOWN;DOWN;22.57;22.52;60053;60173;22.57
60287;22.56;DOWN;DOWN;22.561;22.52;60226;60226;22.57
60354;22.54;DOWN;DOWN;22.561;22.52;60226;60287;22.57
60409;22.545;DOWN;DOWN;22.561;22.54;60354;60354;22.57
60474;22.5312;DOWN;DOWN;22.561;22.54;60354;60409;22.57
60532;22.5599;DOWN;DOWN;22.561;22.5312;60474;60474;22.57
60593;22.5658;UP;DOWN;22.561;22.5312;60474;60532;22.57
60653;22.58;UP;UP;22.561;22.5312;60474;60593;22.5312
60713;22.57;UP;UP;22.58;22.5312;60653;60653;22.5312
60767;22.58;UP;UP;22.58;22.5312;60653;60713;22.5312
60835;22.5869;UP;UP;22.58;22.5312;60653;60767;22.5312
60893;22.585;UP;UP;22.5869;22.5312;60835;60835;22.5312
60955;22.58;UP;UP;22.5869;22.5312;60835;60893;22.5312
61014;22.5901;UP;UP;22.5869;22.58;60955;60955;22.5312
61076;22.595;UP;UP;22.5869;22.58;60955;61014;22.5312
61135;22.62;UP;UP;22.5869;22.58;60955;61076;22.5312
61193;22.599;UP;UP;22.62;22.58;61135;61135;22.5312
61256;22.58;DOWN;UP;22.62;22.58;61135;61193;22.5312
61315;22.58;DOWN;DOWN;22.62;22.58;61256;61256;22.62
61375;22.5553;DOWN;DOWN;22.62;22.58;61256;61315;22.62
61426;22.56;DOWN;DOWN;22.62;22.5553;61375;61375;22.62
61489;22.565;DOWN;DOWN;22.62;22.5553;61375;61426;22.62
61554;22.5747;DOWN;DOWN;22.62;22.5553;61375;61489;22.62
61614;22.59;DOWN;DOWN;22.62;22.5553;61375;61554;22.62
61676;22.585;DOWN;DOWN;22.59;22.5553;61614;61614;22.62
61734;22.6;UP;DOWN;22.59;22.5553;61614;61676;22.62
61797;22.61;UP;UP;22.59;22.5553;61614;61734;22.5553
61857;22.615;UP;UP;22.59;22.5553;61614;61797;22.5553
61916;22.615;UP;UP;22.615;22.5553;61857;61857;22.5553
61976;22.635;UP;UP;22.615;22.5553;61857;61916;22.5553
62035;22.6453;UP;UP;22.615;22.5553;61857;61976;22.5553
62094;22.655;UP;UP;22.615;22.5553;61857;62035;22.5553
62157;22.6375;UP;UP;22.655;22.5553;62094;62094;22.5553
62218;22.62;UP;UP;22.655;22.5553;62094;62157;22.5553
62274;22.6202;UP;UP;22.655;22.62;62218;62218;22.5553
62336;22.625;UP;UP;22.655;22.62;62218;62274;22.5553
62398;22.61;DOWN;UP;22.625;22.62;62336;62336;22.5553
62458;22.6473;UP;DOWN;22.625;22.62;62336;62398;22.625
62517;22.665;UP;UP;22.625;22.62;62336;62458;22.62
62575;22.66;UP;UP;22.665;22.62;62517;62517;22.62
62636;22.679;UP;UP;22.665;22.62;62517;62575;22.62
62697;22.6759;UP;UP;22.679;22.62;62636;62636;22.62
62758;22.6699;UP;UP;22.679;22.62;62636;62697;22.62
62817;22.66;UP;UP;22.679;22.62;62636;62758;22.62
62877;22.675;UP;UP;22.679;22.66;62817;62817;22.62
62938;22.685;UP;UP;22.679;22.66;62817;62877;22.62
62998;22.7;UP;UP;22.679;22.66;62817;62938;22.62
63054;22.6769;UP;UP;22.7;22.66;62998;62998;22.62
63119;22.681;UP;UP;22.7;22.66;62998;63054;22.62
63179;22.685;UP;UP;22.7;22.66;62998;63119;22.62
63237;22.685;UP;UP;22.685;22.66;63179;63179;22.62
63300;22.73;UP;UP;22.685;22.66;63179;63237;22.62
63360;22.73;UP;UP;22.73;22.66;63300;63300;22.62
63420;22.715;UP;UP;22.73;22.66;63300;63360;22.62
63477;22.7076;UP;UP;22.73;22.66;63300;63420;22.62
63537;22.719;UP;UP;22.73;22.7076;63477;63477;22.62
63597;22.715;UP;UP;22.73;22.7076;63477;63537;22.62
63659;22.715;DOWN;UP;22.73;22.715;63597;63597;22.62
63719;22.725;DOWN;DOWN;22.73;22.715;63597;63659;22.73
63779;22.725;UP;DOWN;22.725;22.715;63719;63719;22.73
63840;22.725;UP;UP;22.725;22.715;63719;63779;22.715
63899;22.7323;UP;UP;22.725;22.725;63840;63840;22.715
63958;22.725;UP;UP;22.725;22.725;63840;63899;22.715
64020;22.73;UP;UP;22.725;22.725;63958;63958;22.715
64081;22.711;DOWN;UP;22.725;22.725;63958;64020;22.715
64141;22.735;UP;DOWN;22.725;22.711;64081;64081;22.725
64198;22.7475;UP;UP;22.725;22.711;64081;64141;22.711
64261;22.735;UP;UP;22.7475;22.711;64198;64198;22.711
64322;22.7388;UP;UP;22.7475;22.711;64198;64261;22.711
64380;22.7455;UP;UP;22.7475;22.711;64198;64322;22.711
64442;22.735;UP;UP;22.7455;22.711;64380;64380;22.711
64502;22.735;UP;UP;22.7455;22.711;64380;64442;22.711
64561;22.7426;UP;UP;22.7455;22.735;64502;64502;22.711
64623;22.725;DOWN;UP;22.7455;22.735;64502;64561;22.711
64679;22.735;DOWN;DOWN;22.7455;22.725;64623;64623;22.7455
64742;22.735;DOWN;DOWN;22.7455;22.725;64623;64679;22.7455
64803;22.735;DOWN;DOWN;22.7455;22.725;64623;64742;22.7455
64863;22.761;UP;DOWN;22.7455;22.735;64803;64803;22.7455
64921;22.7701;UP;UP;22.7455;22.735;64803;64863;22.735
64983;22.78;UP;UP;22.7455;22.735;64803;64921;22.735
65042;22.785;UP;UP;22.7455;22.735;64803;64983;22.735
65101;22.7901;UP;UP;22.7455;22.735;64803;65042;22.735
65163;22.81;UP;UP;22.7455;22.735;64803;65101;22.735
65224;22.785;UP;UP;22.81;22.735;65163;65163;22.735
65284;22.755;UP;UP;22.81;22.735;65163;65224;22.735
65342;22.7699;UP;UP;22.81;22.755;65284;65284;22.735
65404;22.775;UP;UP;22.81;22.755;65284;65342;22.735
65464;22.771;UP;UP;22.775;22.755;65404;65404;22.735
65524;22.77;UP;UP;22.775;22.755;65404;65464;22.735
65585;22.775;UP;UP;22.775;22.77;65524;65524;22.735
65644;22.785;UP;UP;22.775;22.77;65524;65585;22.735
65705;22.79;UP;UP;22.775;22.77;65524;65644;22.735
65764;22.815;UP;UP;22.775;22.77;65524;65705;22.735
65825;22.82;UP;UP;22.775;22.77;65524;65764;22.735
65884;22.8338;UP;UP;22.775;22.77;65524;65825;22.735
65945;22.855;UP;UP;22.775;22.77;65524;65884;22.735
66005;22.86;UP;UP;22.775;22.77;65524;65945;22.735
66065;22.865;UP;UP;22.775;22.77;65524;66005;22.735
66123;22.845;UP;UP;22.865;22.77;66065;66065;22.735
66185;22.8395;UP;UP;22.865;22.77;66065;66123;22.735
66245;22.835;UP;UP;22.865;22.77;66065;66185;22.735
66305;22.83;UP;UP;22.865;22.77;66065;66245;22.735
66365;22.831;UP;UP;22.865;22.83;66305;66305;22.735
66426;22.82;DOWN;UP;22.865;22.83;66305;66365;22.735
66479;22.835;DOWN;DOWN;22.865;22.82;66426;66426;22.865
66545;22.8532;DOWN;DOWN;22.865;22.82;66426;66479;22.865
66605;22.86;DOWN;DOWN;22.865;22.82;66426;66545;22.865
66665;22.84;DOWN;DOWN;22.86;22.82;66605;66605;22.865
66726;22.8445;DOWN;DOWN;22.86;22.82;66605;66665;22.865
66787;22.8551;DOWN;DOWN;22.86;22.82;66605;66726;22.865
66845;22.8567;DOWN;DOWN;22.86;22.82;66605;66787;22.865
66903;22.87;UP;DOWN;22.86;22.82;66605;66845;22.865
66967;22.885;UP;UP;22.86;22.82;66605;66903;22.82
67026;22.86;UP;UP;22.885;22.82;66967;66967;22.82
67087;22.8575;UP;UP;22.885;22.82;66967;67026;22.82
67145;22.85;UP;UP;22.885;22.82;66967;67087;22.82
67207;22.83;UP;UP;22.885;22.82;66967;67145;22.82
67268;22.825;UP;UP;22.885;22.82;66967;67207;22.82
67328;22.81;DOWN;UP;22.885;22.82;66967;67268;22.82
67387;22.81;DOWN;DOWN;22.885;22.81;67328;67328;22.885
67448;22.787;DOWN;DOWN;22.885;22.81;67328;67387;22.885
67509;22.76;DOWN;DOWN;22.885;22.81;67328;67448;22.885
67568;22.75;DOWN;DOWN;22.885;22.81;67328;67509;22.885
67568;short;22.7510
67628;22.785;DOWN;DOWN;22.885;22.75;67568;67568;22.885
67687;22.7858;DOWN;DOWN;22.885;22.75;67568;67628;22.885
67749;22.765;DOWN;DOWN;22.7858;22.75;67687;67687;22.885
67809;22.7958;UP;DOWN;22.7858;22.75;67687;67749;22.885
67867;22.8;UP;UP;22.7858;22.75;67687;67809;22.75
67929;22.8;UP;UP;22.8;22.75;67867;67867;22.75
67989;22.785;UP;UP;22.8;22.75;67867;67929;22.75
68049;22.785;DOWN;UP;22.8;22.785;67989;67989;22.75
68107;22.799;DOWN;DOWN;22.8;22.785;67989;68049;22.8
68169;22.775;DOWN;DOWN;22.799;22.785;68107;68107;22.8
68229;22.765;DOWN;DOWN;22.799;22.785;68107;68169;22.8
68285;22.785;DOWN;DOWN;22.799;22.765;68229;68229;22.8
68345;22.795;DOWN;DOWN;22.799;22.765;68229;68285;22.8
68408;22.8092;UP;DOWN;22.799;22.765;68229;68345;22.8
68470;22.785;UP;UP;22.8092;22.765;68408;68408;22.765
68524;22.765;DOWN;UP;22.8092;22.765;68408;68470;22.765
68590;22.76;DOWN;DOWN;22.8092;22.765;68408;68524;22.8092
68650;22.7101;DOWN;DOWN;22.8092;22.765;68408;68590;22.8092
68709;22.72;DOWN;DOWN;22.8092;22.7101;68650;68650;22.8092
68770;22.735;DOWN;DOWN;22.8092;22.7101;68650;68709;22.8092
68827;22.745;DOWN;DOWN;22.8092;22.7101;68650;68770;22.8092
68889;22.75;DOWN;DOWN;22.8092;22.7101;68650;68827;22.8092
68951;22.74;DOWN;DOWN;22.75;22.7101;68889;68889;22.8092
69010;22.765;UP;DOWN;22.75;22.7101;68889;68951;22.8092
69072;22.755;UP;UP;22.765;22.7101;69010;69010;22.7101
69129;22.74;UP;UP;22.765;22.7101;69010;69072;22.7101
69192;22.745;UP;UP;22.765;22.74;69129;69129;22.7101
69249;22.7628;UP;UP;22.765;22.74;69129;69192;22.7101
69312;22.78;UP;UP;22.765;22.74;69129;69249;22.7101
69371;22.775;UP;UP;22.78;22.74;69312;69312;22.7101
69432;22.7753;UP;UP;22.78;22.74;69312;69371;22.7101
69489;22.795;UP;UP;22.78;22.74;69312;69432;22.7101
69552;22.805;UP;UP;22.78;22.74;69312;69489;22.7101
69611;22.81;UP;UP;22.78;22.74;69312;69552;22.7101
69673;22.83;UP;UP;22.78;22.74;69312;69611;22.7101
69732;22.836;UP;UP;22.78;22.74;69312;69673;22.7101
69791;22.835;UP;UP;22.836;22.74;69732;69732;22.7101
69853;22.85;UP;UP;22.836;22.74;69732;69791;22.7101
69913;22.845;UP;UP;22.85;22.74;69853;69853;22.7101
69973;22.824;UP;UP;22.85;22.74;69853;69913;22.7101
70034;22.8202;UP;UP;22.85;22.74;69853;69973;22.7101
70092;22.825;UP;UP;22.85;22.8202;70034;70034;22.7101
70151;22.8299;UP;UP;22.85;22.8202;70034;70092;22.7101
70212;22.8199;DOWN;UP;22.8299;22.8202;70151;70151;22.7101
70274;22.825;DOWN;DOWN;22.8299;22.8202;70151;70212;22.8299
70334;22.82;DOWN;DOWN;22.825;22.8202;70274;70274;22.8299
70394;22.8142;DOWN;DOWN;22.825;22.8202;70274;70334;22.8299
70454;22.815;DOWN;DOWN;22.825;22.8142;70394;70394;22.8299
70513;22.82;DOWN;DOWN;22.825;22.8142;70394;70454;22.8299
70573;22.835;UP;DOWN;22.825;22.8142;70394;70513;22.8299
70633;22.835;UP;UP;22.835;22.8142;70573;70573;22.8142
70693;22.8416;UP;UP;22.835;22.8142;70573;70633;22.8142
70755;22.84;UP;UP;22.8416;22.8142;70693;70693;22.8142
70814;22.835;UP;UP;22.8416;22.8142;70693;70755;22.8142
70875;22.85;UP;UP;22.8416;22.835;70814;70814;22.8142
70936;22.845;UP;UP;22.8416;22.835;70814;70875;22.8142
70995;22.825;DOWN;UP;22.8416;22.835;70814;70936;22.8142
71056;22.825;DOWN;DOWN;22.8416;22.825;70995;70995;22.8416
71116;22.805;DOWN;DOWN;22.8416;22.825;70995;71056;22.8416
71175;22.815;DOWN;DOWN;22.8416;22.805;71116;71116;22.8416
71236;22.815;DOWN;DOWN;22.8416;22.805;71116;71175;22.8416
71296;22.8267;DOWN;DOWN;22.8416;22.815;71236;71236;22.8416
71354;22.815;DOWN;DOWN;22.8416;22.815;71236;71296;22.8416
71416;22.805;DOWN;DOWN;22.8416;22.815;71236;71354;22.8416
71476;22.805;DOWN;DOWN;22.8416;22.805;71416;71416;22.8416
71537;22.7765;DOWN;DOWN;22.8416;22.805;71416;71476;22.8416
71596;22.755;DOWN;DOWN;22.8416;22.805;71416;71537;22.8416
71657;22.725;DOWN;DOWN;22.8416;22.805;71416;71596;22.8416
71715;22.725;DOWN;DOWN;22.8416;22.725;71657;71657;22.8416
71777;22.705;DOWN;DOWN;22.8416;22.725;71657;71715;22.8416
71837;22.74;DOWN;DOWN;22.8416;22.705;71777;71777;22.8416
71898;22.73;DOWN;DOWN;22.8416;22.705;71777;71837;22.8416
71957;22.725;DOWN;DOWN;22.8416;22.705;71777;71898;22.8416
72016;22.705;DOWN;DOWN;22.8416;22.705;71777;71957;22.8416
72265;22.705;DOWN;DOWN;22.8416;22.705;72016;72016;22.8416
72459;22.705;DOWN;DOWN;22.8416;22.705;72016;72265;22.8416
72596;22.705;DOWN;DOWN;22.8416;22.705;72016;72459;22.8416
73067;22.71;DOWN;DOWN;22.8416;22.705;72596;72596;22.8416
73261;22.71;DOWN;DOWN;22.8416;22.705;72596;73067;22.8416
73376;22.71;DOWN;DOWN;22.8416;22.705;72596;73261;22.8416
73595;22.71;DOWN;DOWN;22.8416;22.705;72596;73376;22.8416
73696;22.71;DOWN;DOWN;22.8416;22.705;72596;73595;22.8416
73891;22.71;DOWN;DOWN;22.8416;22.705;72596;73696;22.8416
73992;22.71;DOWN;DOWN;22.8416;22.705;72596;73891;22.8416
74147;22.71;DOWN;DOWN;22.8416;22.705;72596;73992;22.8416
74408;22.71;DOWN;DOWN;22.8416;22.705;72596;74147;22.8416
74480;22.71;DOWN;DOWN;22.8416;22.705;72596;74408;22.8416
74703;22.71;DOWN;DOWN;22.8416;22.705;72596;74480;22.8416
74974;22.71;DOWN;DOWN;22.8416;22.705;72596;74703;22.8416
75045;22.71;DOWN;DOWN;22.8416;22.705;72596;74974;22.8416
75186;22.71;DOWN;DOWN;22.8416;22.705;72596;75045;22.8416
75240;22.71;DOWN;DOWN;22.8416;22.705;72596;75186;22.8416
75535;22.71;DOWN;DOWN;22.8416;22.705;72596;75240;22.8416
76017;22.71;DOWN;DOWN;22.8416;22.705;72596;75535;22.8416
76239;22.71;DOWN;DOWN;22.8416;22.705;72596;76017;22.8416
76334;22.71;DOWN;DOWN;22.8416;22.705;72596;76239;22.8416
76474;22.71;DOWN;DOWN;22.8416;22.705;72596;76334;22.8416
76620;22.71;DOWN;DOWN;22.8416;22.705;72596;76474;22.8416
76748;22.71;DOWN;DOWN;22.8416;22.705;72596;76620;22.8416
76879;22.71;DOWN;DOWN;22.8416;22.705;72596;76748;22.8416
76977;22.71;DOWN;DOWN;22.8416;22.705;72596;76879;22.8416
77043;22.71;DOWN;DOWN;22.8416;22.705;72596;76977;22.8416
77096;22.71;DOWN;DOWN;22.8416;22.705;72596;77043;22.8416
77161;22.71;DOWN;DOWN;22.8416;22.705;72596;77096;22.8416
77257;22.71;DOWN;DOWN;22.8416;22.705;72596;77161;22.8416
77315;22.71;DOWN;DOWN;22.8416;22.705;72596;77257;22.8416
77517;22.71;DOWN;DOWN;22.8416;22.705;72596;77315;22.8416
77632;22.71;DOWN;DOWN;22.8416;22.705;72596;77517;22.8416
77691;22.71;DOWN;DOWN;22.8416;22.705;72596;77632;22.8416
78072;22.71;DOWN;DOWN;22.8416;22.705;72596;77691;22.8416
78359;22.71;DOWN;DOWN;22.8416;22.705;72596;78072;22.8416
78754;22.71;DOWN;DOWN;22.8416;22.705;72596;78359;22.8416
79036;22.71;DOWN;DOWN;22.8416;22.705;72596;78754;22.8416
79748;22.71;DOWN;DOWN;22.8416;22.705;72596;79036;22.8416
79841;22.71;DOWN;DOWN;22.8416;22.705;72596;79748;22.8416
80227;22.71;DOWN;DOWN;22.8416;22.705;72596;79841;22.8416
80361;22.71;DOWN;DOWN;22.8416;22.705;72596;80227;22.8416
80423;22.71;DOWN;DOWN;22.8416;22.705;72596;80361;22.8416
80480;22.71;DOWN;DOWN;22.8416;22.705;72596;80423;22.8416
80534;22.71;DOWN;DOWN;22.8416;22.705;72596;80480;22.8416
81507;22.71;DOWN;DOWN;22.8416;22.705;72596;80534;22.8416
82056;22.71;DOWN;DOWN;22.8416;22.705;72596;81507;22.8416
82187;22.71;DOWN;DOWN;22.8416;22.705;72596;82056;22.8416
82622;22.71;DOWN;DOWN;22.8416;22.705;72596;82187;22.8416
82683;22.71;DOWN;DOWN;22.8416;22.705;72596;82622;22.8416
82899;22.71;DOWN;DOWN;22.8416;22.705;72596;82683;22.8416
83350;22.71;DOWN;DOWN;22.8416;22.705;72596;82899;22.8416
83491;22.71;DOWN;DOWN;22.8416;22.705;72596;83350;22.8416
83763;22.71;DOWN;DOWN;22.8416;22.705;72596;83491;22.8416
83868;22.71;DOWN;DOWN;22.8416;22.705;72596;83763;22.8416
83964;22.71;DOWN;DOWN;22.8416;22.705;72596;83868;22.8416
