1432906498;6.6;DOWN;DOWN;6.64;6.64;0;1432906363;6.64
1432906558;6.6;DOWN;DOWN;6.64;6.6;1432906498;1432906498;6.64
1432906617;6.6;DOWN;DOWN;6.64;6.6;1432906498;1432906558;6.64
1432906672;6.6;DOWN;DOWN;6.64;6.6;1432906498;1432906617;6.64
1432906731;6.62;DOWN;DOWN;6.64;6.6;1432906672;1432906672;6.64
1432906797;6.61;DOWN;DOWN;6.64;6.6;1432906672;1432906731;6.64
1432906858;6.62;DOWN;DOWN;6.64;6.61;1432906797;1432906797;6.64
1432906917;6.62;DOWN;DOWN;6.64;6.61;1432906797;1432906858;6.64
1432906975;6.625;DOWN;DOWN;6.64;6.62;1432906917;1432906917;6.64
1432907036;6.63;DOWN;DOWN;6.64;6.62;1432906917;1432906975;6.64
1432907097;6.635;DOWN;DOWN;6.64;6.62;1432906917;1432907036;6.64
1432907159;6.64;UP;DOWN;6.64;6.62;1432906917;1432907097;6.64
1432907204;6.64;UP;UP;6.64;6.62;1432907159;1432907159;6.62
1432907279;6.645;UP;UP;6.64;6.62;1432907159;1432907204;6.62
1432907339;6.64;UP;UP;6.645;6.62;1432907279;1432907279;6.62
1432907396;6.65;UP;UP;6.645;6.62;1432907279;1432907339;6.62
1432907441;6.645;UP;UP;6.65;6.62;1432907396;1432907396;6.62
1432907506;6.65;UP;UP;6.65;6.62;1432907396;1432907441;6.62
1432907576;6.645;UP;UP;6.65;6.62;1432907506;1432907506;6.62
1432907639;6.65;UP;UP;6.65;6.62;1432907506;1432907576;6.62
1432907696;6.67;UP;UP;6.65;6.62;1432907506;1432907639;6.62
1432907756;6.66;UP;UP;6.67;6.62;1432907696;1432907696;6.62
1432907819;6.66;UP;UP;6.67;6.62;1432907696;1432907756;6.62
1432907877;6.66;UP;UP;6.67;6.62;1432907696;1432907819;6.62
1432907939;6.665;UP;UP;6.67;6.66;1432907877;1432907877;6.62
1432907941;6.665;UP;UP;6.67;6.66;1432907877;1432907939;6.62
1432908059;6.665;UP;UP;6.67;6.66;1432907877;1432907941;6.62
1432908060;6.665;UP;UP;6.67;6.66;1432907877;1432908059;6.62
1432908175;6.67;UP;UP;6.67;6.665;1432908060;1432908060;6.62
1432908233;6.67;UP;UP;6.67;6.665;1432908060;1432908175;6.62
1432908240;6.665;DOWN;UP;6.67;6.665;1432908233;1432908233;6.62
1432908351;6.69;UP;DOWN;6.67;6.665;1432908233;1432908240;6.67
1432908417;6.6999;UP;UP;6.67;6.665;1432908233;1432908351;6.665
1432908477;6.7;UP;UP;6.67;6.665;1432908233;1432908417;6.665
1432908538;6.7;UP;UP;6.7;6.665;1432908477;1432908477;6.665
1432908597;6.695;UP;UP;6.7;6.665;1432908477;1432908538;6.665
1432908659;6.695;DOWN;UP;6.7;6.695;1432908597;1432908597;6.665
1432908661;6.695;DOWN;DOWN;6.7;6.695;1432908597;1432908659;6.7
1432908779;6.695;DOWN;DOWN;6.7;6.695;1432908597;1432908661;6.7
1432908838;6.71;UP;DOWN;6.7;6.695;1432908779;1432908779;6.7
1432908859;6.71;UP;UP;6.7;6.695;1432908779;1432908838;6.695
1432908944;6.71;UP;UP;6.7;6.695;1432908779;1432908859;6.695
1432909006;6.705;UP;UP;6.71;6.695;1432908944;1432908944;6.695
1432909070;6.71;UP;UP;6.71;6.695;1432908944;1432909006;6.695
1432909139;6.715;UP;UP;6.71;6.695;1432908944;1432909070;6.695
1432909186;6.73;UP;UP;6.71;6.695;1432908944;1432909139;6.695
1432909250;6.72;UP;UP;6.73;6.695;1432909186;1432909186;6.695
1432909318;6.71;UP;UP;6.73;6.695;1432909186;1432909250;6.695
1432909321;6.715;UP;UP;6.73;6.71;1432909318;1432909318;6.695
1432909438;6.75;UP;UP;6.73;6.71;1432909318;1432909321;6.695
1432909493;6.75;UP;UP;6.75;6.71;1432909438;1432909438;6.695
1432909548;6.75;UP;UP;6.75;6.71;1432909438;1432909493;6.695
1432909560;6.755;UP;UP;6.75;6.75;1432909548;1432909548;6.695
1432909678;6.75;UP;UP;6.75;6.75;1432909548;1432909560;6.695
1432909737;6.7549;UP;UP;6.75;6.75;1432909678;1432909678;6.695
1432909797;6.76;UP;UP;6.75;6.75;1432909678;1432909737;6.695
1432909858;6.76;UP;UP;6.76;6.75;1432909797;1432909797;6.695
1432909918;6.76;UP;UP;6.76;6.75;1432909797;1432909858;6.695
1432909975;6.7535;UP;UP;6.76;6.75;1432909918;1432909918;6.695
1432909985;6.755;UP;UP;6.76;6.75;1432909918;1432909975;6.695
1432910097;6.76;UP;UP;6.76;6.75;1432909918;1432909985;6.695
1432910148;6.76;UP;UP;6.76;6.75;1432910097;1432910097;6.695
1432910214;6.75;DOWN;UP;6.76;6.75;1432910097;1432910148;6.695
1432910270;6.75;DOWN;DOWN;6.76;6.75;1432910214;1432910214;6.76
1432910323;6.755;DOWN;DOWN;6.76;6.75;1432910214;1432910270;6.76
1432910380;6.745;DOWN;DOWN;6.755;6.75;1432910323;1432910323;6.76
1432910400;6.75;DOWN;DOWN;6.755;6.75;1432910323;1432910380;6.76
1432910516;6.745;DOWN;DOWN;6.755;6.75;1432910323;1432910400;6.76
1432910574;6.745;DOWN;DOWN;6.755;6.745;1432910516;1432910516;6.76
1432910637;6.7327;DOWN;DOWN;6.755;6.745;1432910516;1432910574;6.76
1432910692;6.735;DOWN;DOWN;6.755;6.7327;1432910637;1432910637;6.76
1432910752;6.73;DOWN;DOWN;6.755;6.7327;1432910637;1432910692;6.76
1432910817;6.72;DOWN;DOWN;6.755;6.7327;1432910637;1432910752;6.76
1432910817;short;6.7210
1432910879;6.715;DOWN;DOWN;6.755;6.7327;1432910637;1432910817;6.76
1432910879;short;6.71510
1432910925;6.715;DOWN;DOWN;6.755;6.715;1432910879;1432910879;6.76
1432910925;short;6.71510
1432910997;6.715;DOWN;DOWN;6.755;6.715;1432910879;1432910925;6.76
1432911048;6.7;DOWN;DOWN;6.715;6.715;1432910997;1432910997;6.76
1432911048;short;6.710
1432911111;6.7;DOWN;DOWN;6.715;6.715;1432910997;1432911048;6.76
1432911111;short;6.710
1432911178;6.7;DOWN;DOWN;6.715;6.715;1432910997;1432911111;6.76
1432911178;short;6.710
1432911236;6.7;DOWN;DOWN;6.715;6.715;1432910997;1432911178;6.76
1432911236;short;6.710
1432911299;6.705;DOWN;DOWN;6.715;6.7;1432911236;1432911236;6.76
1432911330;6.705;DOWN;DOWN;6.715;6.7;1432911236;1432911299;6.76
1432911405;6.71;DOWN;DOWN;6.715;6.7;1432911236;1432911330;6.76
1432911479;6.705;DOWN;DOWN;6.71;6.7;1432911405;1432911405;6.76
1432911525;6.72;UP;DOWN;6.71;6.7;1432911405;1432911479;6.76
1432911586;6.73;UP;UP;6.71;6.7;1432911405;1432911525;6.7
1432911659;6.73;UP;UP;6.73;6.7;1432911586;1432911586;6.7
1432911716;6.73;UP;UP;6.73;6.7;1432911586;1432911659;6.7
1432911771;6.73;UP;UP;6.73;6.7;1432911586;1432911716;6.7
1432911825;6.73;UP;UP;6.73;6.7;1432911586;1432911771;6.7
1432911840;6.73;UP;UP;6.73;6.7;1432911586;1432911825;6.7
1432911957;6.73;UP;UP;6.73;6.7;1432911586;1432911840;6.7
1432912008;6.73;UP;UP;6.73;6.7;1432911586;1432911957;6.7
1432912078;6.725;UP;UP;6.73;6.7;1432912008;1432912008;6.7
1432912139;6.73;UP;UP;6.73;6.7;1432912008;1432912078;6.7
1432912198;6.725;UP;UP;6.73;6.7;1432912139;1432912139;6.7
1432912253;6.73;UP;UP;6.73;6.7;1432912139;1432912198;6.7
1432912317;6.72;UP;UP;6.73;6.7;1432912253;1432912253;6.7
1432912379;6.73;UP;UP;6.73;6.7;1432912253;1432912317;6.7
1432912439;6.74;UP;UP;6.73;6.7;1432912253;1432912379;6.7
1432912492;6.735;UP;UP;6.74;6.7;1432912439;1432912439;6.7
1432912557;6.73;UP;UP;6.74;6.7;1432912439;1432912492;6.7
1432912617;6.74;UP;UP;6.74;6.73;1432912557;1432912557;6.7
1432912677;6.74;UP;UP;6.74;6.73;1432912557;1432912617;6.7
1432912739;6.75;UP;UP;6.74;6.74;1432912677;1432912677;6.7
1432912795;6.76;UP;UP;6.74;6.74;1432912677;1432912739;6.7
1432912858;6.75;UP;UP;6.76;6.74;1432912795;1432912795;6.7
1432912917;6.77;UP;UP;6.76;6.74;1432912795;1432912858;6.7
1432912977;6.77;UP;UP;6.77;6.74;1432912917;1432912917;6.7
1432913037;6.77;UP;UP;6.77;6.74;1432912917;1432912977;6.7
1432913087;6.77;UP;UP;6.77;6.74;1432912917;1432913037;6.7
1432913144;6.76;UP;UP;6.77;6.74;1432913087;1432913087;6.7
1432913215;6.75;UP;UP;6.77;6.74;1432913087;1432913144;6.7
1432913270;6.755;UP;UP;6.77;6.75;1432913215;1432913215;6.7
1432913338;6.74;DOWN;UP;6.77;6.75;1432913215;1432913270;6.7
1432913398;6.74;DOWN;DOWN;6.77;6.74;1432913338;1432913338;6.77
1432913442;6.75;DOWN;DOWN;6.77;6.74;1432913338;1432913398;6.77
1432913505;6.72;DOWN;DOWN;6.77;6.74;1432913338;1432913442;6.77
1432913567;6.72;DOWN;DOWN;6.77;6.72;1432913505;1432913505;6.77
1432913639;6.72;DOWN;DOWN;6.77;6.72;1432913505;1432913567;6.77
1432913699;6.715;DOWN;DOWN;6.72;6.72;1432913639;1432913639;6.77
1432913757;6.72;UP;DOWN;6.72;6.72;1432913639;1432913699;6.77
1432913819;6.725;UP;UP;6.72;6.72;1432913639;1432913757;6.72
1432913822;6.725;UP;UP;6.725;6.72;1432913819;1432913819;6.72
1432913938;6.735;UP;UP;6.725;6.72;1432913819;1432913822;6.72
1432913999;6.735;UP;UP;6.735;6.72;1432913938;1432913938;6.72
1432914049;6.7361;UP;UP;6.735;6.72;1432913938;1432913999;6.72
1432914119;6.74;UP;UP;6.735;6.72;1432913938;1432914049;6.72
1432914175;6.75;UP;UP;6.735;6.72;1432913938;1432914119;6.72
1432914239;6.75;UP;UP;6.75;6.72;1432914175;1432914175;6.72
1432914299;6.75;UP;UP;6.75;6.72;1432914175;1432914239;6.72
1432914356;6.76;UP;UP;6.75;6.75;1432914299;1432914299;6.72
1432914419;6.76;UP;UP;6.75;6.75;1432914299;1432914356;6.72
1432914479;6.755;UP;UP;6.76;6.75;1432914419;1432914419;6.72
1432914529;6.75;DOWN;UP;6.76;6.75;1432914419;1432914479;6.72
1432914598;6.755;DOWN;DOWN;6.76;6.75;1432914419;1432914529;6.76
1432914659;6.755;UP;DOWN;6.755;6.75;1432914598;1432914598;6.76
1432914703;6.75;DOWN;UP;6.755;6.75;1432914598;1432914659;6.75
1432914778;6.755;UP;DOWN;6.755;6.75;1432914598;1432914703;6.755
1432914839;6.755;UP;UP;6.755;6.75;1432914778;1432914778;6.75
1432914898;6.755;UP;UP;6.755;6.75;1432914778;1432914839;6.75
1432914959;6.75;DOWN;UP;6.755;6.75;1432914898;1432914898;6.75
1432915016;6.74;DOWN;DOWN;6.755;6.75;1432914898;1432914959;6.755
1432915076;6.74;DOWN;DOWN;6.755;6.74;1432915016;1432915016;6.755
1432915139;6.745;DOWN;DOWN;6.755;6.74;1432915016;1432915076;6.755
1432915197;6.745;UP;DOWN;6.745;6.74;1432915139;1432915139;6.755
1432915258;6.74;DOWN;UP;6.745;6.74;1432915139;1432915197;6.74
1432915319;6.76;UP;DOWN;6.745;6.74;1432915258;1432915258;6.745
1432915370;6.76;UP;UP;6.745;6.74;1432915258;1432915319;6.74
1432915438;6.75;UP;UP;6.76;6.74;1432915370;1432915370;6.74
1432915498;6.745;UP;UP;6.76;6.74;1432915370;1432915438;6.74
1432915554;6.745;DOWN;UP;6.76;6.745;1432915498;1432915498;6.74
1432915611;6.745;DOWN;DOWN;6.76;6.745;1432915498;1432915554;6.76
1432915679;6.745;DOWN;DOWN;6.76;6.745;1432915498;1432915611;6.76
1432915731;6.745;DOWN;DOWN;6.76;6.745;1432915498;1432915679;6.76
1432915794;6.74;DOWN;DOWN;6.745;6.745;1432915731;1432915731;6.76
1432915850;6.745;UP;DOWN;6.745;6.745;1432915731;1432915794;6.76
1432915910;6.741;DOWN;UP;6.745;6.745;1432915850;1432915850;6.745
1432915970;6.745;UP;DOWN;6.745;6.745;1432915850;1432915910;6.745
1432916039;6.745;UP;UP;6.745;6.745;1432915970;1432915970;6.745
1432916093;6.745;UP;UP;6.745;6.745;1432915970;1432916039;6.745
1432916158;6.745;UP;UP;6.745;6.745;1432915970;1432916093;6.745
1432916219;6.745;UP;UP;6.745;6.745;1432915970;1432916158;6.745
1432916270;6.745;UP;UP;6.745;6.745;1432915970;1432916219;6.745
1432916339;6.755;UP;UP;6.745;6.745;1432916270;1432916270;6.745
1432916397;6.76;UP;UP;6.745;6.745;1432916270;1432916339;6.745
1432916456;6.75;UP;UP;6.76;6.745;1432916397;1432916397;6.745
1432916465;6.77;UP;UP;6.76;6.745;1432916397;1432916456;6.745
1432916579;6.78;UP;UP;6.76;6.745;1432916397;1432916465;6.745
1432916636;6.78;UP;UP;6.78;6.745;1432916579;1432916579;6.745
1432916645;6.79;UP;UP;6.78;6.745;1432916579;1432916636;6.745
1432916758;6.78;UP;UP;6.78;6.745;1432916579;1432916645;6.745
1432916819;6.78;UP;UP;6.78;6.78;1432916758;1432916758;6.745
1432916878;6.79;UP;UP;6.78;6.78;1432916758;1432916819;6.745
1432916939;6.79;UP;UP;6.79;6.78;1432916878;1432916878;6.745
1432916999;6.79;UP;UP;6.79;6.78;1432916878;1432916939;6.745
1432917058;6.785;UP;UP;6.79;6.78;1432916999;1432916999;6.745
1432917118;6.8;UP;UP;6.79;6.78;1432916999;1432917058;6.745
1432917175;6.79;UP;UP;6.8;6.78;1432917118;1432917118;6.745
1432917234;6.795;UP;UP;6.8;6.78;1432917118;1432917175;6.745
1432917287;6.79;UP;UP;6.795;6.78;1432917234;1432917234;6.745
1432917359;6.8;UP;UP;6.795;6.78;1432917234;1432917287;6.745
1432917419;6.79;UP;UP;6.8;6.78;1432917359;1432917359;6.745
1432917479;6.79;UP;UP;6.8;6.78;1432917359;1432917419;6.745
1432917536;6.795;UP;UP;6.8;6.79;1432917479;1432917479;6.745
1432917595;6.78;DOWN;UP;6.8;6.79;1432917479;1432917536;6.745
1432917658;6.78;DOWN;DOWN;6.8;6.78;1432917595;1432917595;6.8
1432917660;6.785;DOWN;DOWN;6.8;6.78;1432917595;1432917658;6.8
1432917776;6.785;DOWN;DOWN;6.8;6.78;1432917595;1432917660;6.8
1432917838;6.78;DOWN;DOWN;6.785;6.78;1432917776;1432917776;6.8
1432917875;6.785;UP;DOWN;6.785;6.78;1432917776;1432917838;6.8
1432917952;6.78;DOWN;UP;6.785;6.78;1432917776;1432917875;6.78
1432918019;6.785;UP;DOWN;6.785;6.78;1432917952;1432917952;6.785
1432918022;6.78;DOWN;UP;6.785;6.78;1432917952;1432918019;6.78
1432918136;6.79;UP;DOWN;6.785;6.78;1432917952;1432918022;6.785
1432918143;6.785;UP;UP;6.79;6.78;1432918136;1432918136;6.78
1432918252;6.78;DOWN;UP;6.79;6.78;1432918136;1432918143;6.78
1432918319;6.785;DOWN;DOWN;6.79;6.78;1432918252;1432918252;6.79
1432918320;6.775;DOWN;DOWN;6.79;6.78;1432918252;1432918319;6.79
1432918397;6.78;DOWN;DOWN;6.79;6.78;1432918252;1432918320;6.79
1432918473;6.77;DOWN;DOWN;6.78;6.78;1432918397;1432918397;6.79
1432918559;6.78;UP;DOWN;6.78;6.78;1432918397;1432918473;6.79
1432918613;6.8;UP;UP;6.78;6.78;1432918397;1432918559;6.78
1432918674;6.815;UP;UP;6.78;6.78;1432918397;1432918613;6.78
1432918735;6.815;UP;UP;6.815;6.78;1432918674;1432918674;6.78
1432918793;6.81;UP;UP;6.815;6.78;1432918674;1432918735;6.78
1432918850;6.815;UP;UP;6.815;6.81;1432918793;1432918793;6.78
1432918919;6.805;DOWN;UP;6.815;6.81;1432918793;1432918850;6.78
1432918979;6.8;DOWN;DOWN;6.815;6.81;1432918793;1432918919;6.815
1432918980;6.81;DOWN;DOWN;6.815;6.8;1432918979;1432918979;6.815
1432919090;6.805;DOWN;DOWN;6.815;6.8;1432918979;1432918980;6.815
1432919100;6.805;DOWN;DOWN;6.815;6.805;1432919090;1432919090;6.815
1432919214;6.805;DOWN;DOWN;6.815;6.805;1432919090;1432919100;6.815
1432919277;6.805;DOWN;DOWN;6.815;6.805;1432919090;1432919214;6.815
1432919334;6.805;DOWN;DOWN;6.815;6.805;1432919090;1432919277;6.815
1432919395;6.81;DOWN;DOWN;6.815;6.805;1432919334;1432919334;6.815
1432919450;6.805;DOWN;DOWN;6.815;6.805;1432919334;1432919395;6.815
1432919515;6.805;DOWN;DOWN;6.815;6.805;1432919450;1432919450;6.815
1432919579;6.81;DOWN;DOWN;6.815;6.805;1432919450;1432919515;6.815
1432919636;6.805;DOWN;DOWN;6.81;6.805;1432919579;1432919579;6.815
1432919696;6.8;DOWN;DOWN;6.81;6.805;1432919579;1432919636;6.815
1432919748;6.8025;DOWN;DOWN;6.81;6.8;1432919696;1432919696;6.815
1432919763;6.805;DOWN;DOWN;6.81;6.8;1432919696;1432919748;6.815
1432919824;6.8;DOWN;DOWN;6.81;6.8;1432919696;1432919763;6.815
1432919939;6.8;DOWN;DOWN;6.81;6.8;1432919824;1432919824;6.815
1432919940;6.8;DOWN;DOWN;6.81;6.8;1432919824;1432919939;6.815
1432920049;6.795;DOWN;DOWN;6.81;6.8;1432919824;1432919940;6.815
1432920061;6.795;DOWN;DOWN;6.81;6.795;1432920049;1432920049;6.815
1432920170;6.795;DOWN;DOWN;6.81;6.795;1432920049;1432920061;6.815
1432920236;6.795;DOWN;DOWN;6.81;6.795;1432920049;1432920170;6.815
1432920294;6.795;DOWN;DOWN;6.81;6.795;1432920049;1432920236;6.815
1432920355;6.8;DOWN;DOWN;6.81;6.795;1432920294;1432920294;6.815
1432920419;6.79;DOWN;DOWN;6.81;6.795;1432920294;1432920355;6.815
1432920478;6.79;DOWN;DOWN;6.81;6.79;1432920419;1432920419;6.815
1432920535;6.795;DOWN;DOWN;6.81;6.79;1432920419;1432920478;6.815
1432920599;6.79;DOWN;DOWN;6.795;6.79;1432920535;1432920535;6.815
1432920659;6.8;UP;DOWN;6.795;6.79;1432920535;1432920599;6.815
1432920718;6.8;UP;UP;6.8;6.79;1432920659;1432920659;6.79
1432920724;6.8;UP;UP;6.8;6.79;1432920659;1432920718;6.79
1432920839;6.81;UP;UP;6.8;6.79;1432920659;1432920724;6.79
1432920898;6.81;UP;UP;6.81;6.79;1432920839;1432920839;6.79
1432920958;6.8;UP;UP;6.81;6.79;1432920839;1432920898;6.79
1432921015;6.82;UP;UP;6.81;6.8;1432920958;1432920958;6.79
1432921077;6.82;UP;UP;6.81;6.8;1432920958;1432921015;6.79
1432921135;6.83;UP;UP;6.81;6.82;1432921077;1432921077;6.79
1432921150;6.83;UP;UP;6.81;6.82;1432921077;1432921135;6.79
1432921256;6.825;UP;UP;6.81;6.82;1432921077;1432921150;6.79
1432921319;6.82;UP;UP;6.81;6.82;1432921077;1432921256;6.79
1432921378;6.815;UP;UP;6.81;6.82;1432921077;1432921319;6.79
1432921434;6.815;UP;UP;6.81;6.815;1432921378;1432921378;6.79
1432921482;6.82;UP;UP;6.81;6.815;1432921378;1432921434;6.79
1432921500;6.82;UP;UP;6.81;6.815;1432921378;1432921482;6.79
1432921619;6.81;DOWN;UP;6.82;6.815;1432921500;1432921500;6.79
1432921624;6.815;DOWN;DOWN;6.82;6.815;1432921500;1432921619;6.82
1432921738;6.815;DOWN;DOWN;6.82;6.815;1432921500;1432921624;6.82
1432921797;6.815;DOWN;DOWN;6.82;6.815;1432921500;1432921738;6.82
1432921852;6.82;UP;DOWN;6.82;6.815;1432921797;1432921797;6.82
1432921912;6.825;UP;UP;6.82;6.815;1432921797;1432921852;6.815
1432921976;6.82;UP;UP;6.825;6.815;1432921912;1432921912;6.815
1432922037;6.825;UP;UP;6.825;6.815;1432921912;1432921976;6.815
1432922097;6.83;UP;UP;6.825;6.815;1432921912;1432922037;6.815
1432922157;6.83;UP;UP;6.83;6.815;1432922097;1432922097;6.815
1432922218;6.83;UP;UP;6.83;6.815;1432922097;1432922157;6.815
1432922279;6.83;UP;UP;6.83;6.815;1432922097;1432922218;6.815
1432922337;6.83;UP;UP;6.83;6.815;1432922097;1432922279;6.815
1432922397;6.83;UP;UP;6.83;6.815;1432922097;1432922337;6.815
1432922457;6.82;UP;UP;6.83;6.815;1432922397;1432922397;6.815
1432922517;6.825;UP;UP;6.83;6.815;1432922397;1432922457;6.815
1432922520;6.82;UP;UP;6.825;6.815;1432922517;1432922517;6.815
1432922636;6.825;UP;UP;6.825;6.815;1432922517;1432922520;6.815
1432922697;6.83;UP;UP;6.825;6.815;1432922517;1432922636;6.815
1432922757;6.82;UP;UP;6.83;6.815;1432922697;1432922697;6.815
1432922817;6.825;UP;UP;6.83;6.815;1432922697;1432922757;6.815
1432922877;6.825;UP;UP;6.825;6.815;1432922817;1432922817;6.815
1432922938;6.83;UP;UP;6.825;6.815;1432922817;1432922877;6.815
1432922999;6.83;UP;UP;6.83;6.815;1432922938;1432922938;6.815
1432923058;6.825;UP;UP;6.83;6.815;1432922938;1432922999;6.815
1432923060;6.835;UP;UP;6.83;6.825;1432923058;1432923058;6.815
1432923178;6.83;UP;UP;6.83;6.825;1432923058;1432923060;6.815
1432923180;6.84;UP;UP;6.83;6.83;1432923178;1432923178;6.815
1432923298;6.835;UP;UP;6.83;6.83;1432923178;1432923180;6.815
1432923358;6.835;UP;UP;6.83;6.835;1432923298;1432923298;6.815
1432923418;6.835;UP;UP;6.83;6.835;1432923298;1432923358;6.815
1432923479;6.84;UP;UP;6.83;6.835;1432923418;1432923418;6.815
1432923539;6.83;UP;UP;6.83;6.835;1432923418;1432923479;6.815
1432923597;6.835;UP;UP;6.83;6.83;1432923539;1432923539;6.815
1432923658;6.83;UP;UP;6.83;6.83;1432923539;1432923597;6.815
1432923661;6.83;UP;UP;6.83;6.83;1432923658;1432923658;6.815
1432923779;6.84;UP;UP;6.83;6.83;1432923658;1432923661;6.815
1432923839;6.835;UP;UP;6.84;6.83;1432923779;1432923779;6.815
1432923899;6.845;UP;UP;6.84;6.83;1432923779;1432923839;6.815
1432923900;6.845;UP;UP;6.845;6.83;1432923899;1432923899;6.815
1432924019;6.845;UP;UP;6.845;6.83;1432923899;1432923900;6.815
1432924079;6.85;UP;UP;6.845;6.845;1432924019;1432924019;6.815
1432924139;6.845;UP;UP;6.845;6.845;1432924019;1432924079;6.815
1432924199;6.845;UP;UP;6.845;6.845;1432924139;1432924139;6.815
1432924251;6.835;DOWN;UP;6.845;6.845;1432924139;1432924199;6.815
1432924317;6.835;DOWN;DOWN;6.845;6.835;1432924251;1432924251;6.845
1432924367;6.86;UP;DOWN;6.845;6.835;1432924251;1432924317;6.845
1432924439;6.845;UP;UP;6.845;6.835;1432924251;1432924367;6.835
1432924499;6.84;UP;UP;6.845;6.835;1432924251;1432924439;6.835
1432924558;6.85;UP;UP;6.845;6.84;1432924499;1432924499;6.835
1432924617;6.845;UP;UP;6.845;6.84;1432924499;1432924558;6.835
1432924677;6.835;DOWN;UP;6.845;6.84;1432924499;1432924617;6.835
1432924736;6.845;UP;DOWN;6.845;6.835;1432924677;1432924677;6.845
1432924797;6.841;UP;UP;6.845;6.835;1432924677;1432924736;6.835
1432924858;6.84;UP;UP;6.845;6.835;1432924677;1432924797;6.835
1432924919;6.845;UP;UP;6.845;6.84;1432924858;1432924858;6.835
1432924979;6.85;UP;UP;6.845;6.84;1432924858;1432924919;6.835
1432925029;6.84;DOWN;UP;6.85;6.84;1432924979;1432924979;6.835
1432925087;6.84;DOWN;DOWN;6.85;6.84;1432924979;1432925029;6.85
1432925155;6.845;DOWN;DOWN;6.85;6.84;1432925087;1432925087;6.85
1432925215;6.85;UP;DOWN;6.85;6.84;1432925087;1432925155;6.85
1432925276;6.85;UP;UP;6.85;6.84;1432925215;1432925215;6.84
1432925337;6.845;UP;UP;6.85;6.84;1432925215;1432925276;6.84
1432925397;6.845;DOWN;UP;6.85;6.845;1432925337;1432925337;6.84
1432925455;6.84;DOWN;DOWN;6.85;6.845;1432925337;1432925397;6.85
1432925515;6.835;DOWN;DOWN;6.85;6.845;1432925337;1432925455;6.85
1432925579;6.835;DOWN;DOWN;6.85;6.835;1432925515;1432925515;6.85
1432925634;6.835;DOWN;DOWN;6.85;6.835;1432925515;1432925579;6.85
1432925690;6.835;DOWN;DOWN;6.85;6.835;1432925515;1432925634;6.85
1432925756;6.84;DOWN;DOWN;6.85;6.835;1432925690;1432925690;6.85
1432925819;6.85;UP;DOWN;6.85;6.835;1432925690;1432925756;6.85
1432925874;6.85;UP;UP;6.85;6.835;1432925819;1432925819;6.835
1432925935;6.85;UP;UP;6.85;6.835;1432925819;1432925874;6.835
1432925998;6.85;UP;UP;6.85;6.835;1432925819;1432925935;6.835
1432926057;6.845;UP;UP;6.85;6.835;1432925998;1432925998;6.835
1432926117;6.85;UP;UP;6.85;6.835;1432925998;1432926057;6.835
1432926179;6.85;UP;UP;6.85;6.835;1432926117;1432926117;6.835
1432926238;6.85;UP;UP;6.85;6.835;1432926117;1432926179;6.835
1432926299;6.85;UP;UP;6.85;6.835;1432926117;1432926238;6.835
1432926354;6.85;UP;UP;6.85;6.835;1432926117;1432926299;6.835
1432926419;6.845;UP;UP;6.85;6.835;1432926354;1432926354;6.835
1432926476;6.84;UP;UP;6.85;6.835;1432926354;1432926419;6.835
1432926536;6.85;UP;UP;6.85;6.84;1432926476;1432926476;6.835
1432926597;6.85;UP;UP;6.85;6.84;1432926476;1432926536;6.835
1432926657;6.84;DOWN;UP;6.85;6.84;1432926597;1432926597;6.835
1432926660;6.85;UP;DOWN;6.85;6.84;1432926597;1432926657;6.85
1432926779;6.845;UP;UP;6.85;6.84;1432926597;1432926660;6.84
1432926839;6.85;UP;UP;6.85;6.845;1432926779;1432926779;6.84
1432926899;6.845;DOWN;UP;6.85;6.845;1432926779;1432926839;6.84
1432926956;6.85;UP;DOWN;6.85;6.845;1432926899;1432926899;6.85
1432927019;6.84;DOWN;UP;6.85;6.845;1432926899;1432926956;6.845
1432927079;6.835;DOWN;DOWN;6.85;6.845;1432926899;1432927019;6.85
1432927137;6.83;DOWN;DOWN;6.85;6.845;1432926899;1432927079;6.85
1432927197;6.83;DOWN;DOWN;6.85;6.83;1432927137;1432927137;6.85
1432927256;6.83;DOWN;DOWN;6.85;6.83;1432927137;1432927197;6.85
1432927318;6.84;DOWN;DOWN;6.85;6.83;1432927256;1432927256;6.85
1432927322;6.83;DOWN;DOWN;6.85;6.83;1432927256;1432927318;6.85
1432927437;6.84;DOWN;DOWN;6.85;6.83;1432927256;1432927322;6.85
1432927442;6.83;DOWN;DOWN;6.84;6.83;1432927437;1432927437;6.85
1432927557;6.82;DOWN;DOWN;6.84;6.83;1432927437;1432927442;6.85
1432927618;6.785;DOWN;DOWN;6.84;6.83;1432927437;1432927557;6.85
1432927618;short;6.78510
1432927679;6.775;DOWN;DOWN;6.84;6.83;1432927437;1432927618;6.85
1432927679;short;6.77510
1432927739;6.77;DOWN;DOWN;6.84;6.83;1432927437;1432927679;6.85
1432927739;short;6.7710
1432927797;6.78;DOWN;DOWN;6.84;6.77;1432927739;1432927739;6.85
1432927797;short;6.7810
1432927859;6.78;DOWN;DOWN;6.84;6.77;1432927739;1432927797;6.85
1432927859;short;6.7810
1432927918;6.77;DOWN;DOWN;6.78;6.77;1432927859;1432927859;6.85
1432927918;short;6.7710
1432927979;6.771;DOWN;DOWN;6.78;6.77;1432927859;1432927918;6.85
1432927979;short;6.77110
1432928036;6.77;DOWN;DOWN;6.771;6.77;1432927979;1432927979;6.85
1432928036;short;6.7710
1432928099;6.77;DOWN;DOWN;6.771;6.77;1432927979;1432928036;6.85
1432928099;short;6.7710
1432928156;6.78;UP;DOWN;6.771;6.77;1432928099;1432928099;6.85
1432928218;6.755;DOWN;UP;6.771;6.77;1432928099;1432928156;6.77
1432928277;6.75;DOWN;DOWN;6.771;6.77;1432928099;1432928218;6.771
1432928339;6.755;DOWN;DOWN;6.771;6.75;1432928277;1432928277;6.771
1432928344;6.75;DOWN;DOWN;6.771;6.75;1432928277;1432928339;6.771
1432928459;6.75;DOWN;DOWN;6.771;6.75;1432928277;1432928344;6.771
1432928519;6.755;DOWN;DOWN;6.771;6.75;1432928459;1432928459;6.771
1432928579;6.74;DOWN;DOWN;6.771;6.75;1432928459;1432928519;6.771
1432928638;6.73;DOWN;DOWN;6.771;6.75;1432928459;1432928579;6.771
1432928641;6.72;DOWN;DOWN;6.771;6.75;1432928459;1432928638;6.771
1432928759;6.72;DOWN;DOWN;6.771;6.72;1432928641;1432928641;6.771
1432928759;short;6.7210
1432928765;6.745;DOWN;DOWN;6.771;6.72;1432928641;1432928759;6.771
1432928879;6.745;DOWN;DOWN;6.771;6.72;1432928641;1432928765;6.771
1432928935;6.75;DOWN;DOWN;6.771;6.745;1432928879;1432928879;6.771
1432928999;6.74;DOWN;DOWN;6.771;6.745;1432928879;1432928935;6.771
1432929059;6.75;DOWN;DOWN;6.771;6.74;1432928999;1432928999;6.771
1432929117;6.73;DOWN;DOWN;6.771;6.74;1432928999;1432929059;6.771
1432929179;6.725;DOWN;DOWN;6.771;6.74;1432928999;1432929117;6.771
1432929237;6.745;DOWN;DOWN;6.771;6.725;1432929179;1432929179;6.771
1432929299;6.74;DOWN;DOWN;6.771;6.725;1432929179;1432929237;6.771
1432929359;6.73;DOWN;DOWN;6.771;6.725;1432929179;1432929299;6.771
1432929419;6.73;DOWN;DOWN;6.771;6.73;1432929359;1432929359;6.771
1432929479;6.73;DOWN;DOWN;6.771;6.73;1432929359;1432929419;6.771
1432929538;6.72;DOWN;DOWN;6.73;6.73;1432929479;1432929479;6.771
1432929547;6.72;DOWN;DOWN;6.73;6.73;1432929479;1432929538;6.771
1432929600;6.72;DOWN;DOWN;6.73;6.73;1432929479;1432929547;6.771
1433426697;6.405;DOWN;DOWN;6.72;6.73;1432929600;1432929600;6.771
1433426998;6.39;DOWN;DOWN;6.72;6.73;1432929600;1433426697;6.771
1433427291;6.4;DOWN;DOWN;6.72;6.39;1433426998;1433426998;6.771
1433427598;6.425;DOWN;DOWN;6.72;6.39;1433426998;1433427291;6.771
1433427890;6.39;DOWN;DOWN;6.425;6.39;1433427598;1433427598;6.771
1433428195;6.4;DOWN;DOWN;6.425;6.39;1433427598;1433427890;6.771
1433428498;6.395;DOWN;DOWN;6.4;6.39;1433428195;1433428195;6.771
1433428799;6.38;DOWN;DOWN;6.4;6.39;1433428195;1433428498;6.771
1433429099;6.42;UP;DOWN;6.4;6.38;1433428799;1433428799;6.771
1433429317;6.42;UP;UP;6.4;6.38;1433428799;1433429099;6.38
1433429699;6.4201;UP;UP;6.4;6.42;1433429317;1433429317;6.38
1433429948;6.42;UP;UP;6.4;6.42;1433429317;1433429699;6.38
1433430296;6.41;UP;UP;6.4;6.42;1433429317;1433429948;6.38
1433430597;6.425;UP;UP;6.4;6.41;1433430296;1433430296;6.38
1433430896;6.42;UP;UP;6.4;6.41;1433430296;1433430597;6.38
1433431199;6.49;UP;UP;6.4;6.42;1433430896;1433430896;6.38
1433431495;6.48;UP;UP;6.4;6.42;1433430896;1433431199;6.38
1433431799;6.47;UP;UP;6.4;6.42;1433430896;1433431495;6.38
1433432097;6.4606;UP;UP;6.4;6.42;1433430896;1433431799;6.38
1433432340;6.45;UP;UP;6.4;6.42;1433430896;1433432097;6.38
1433432697;6.455;UP;UP;6.4;6.45;1433432340;1433432340;6.38
1433432997;6.445;UP;UP;6.4;6.45;1433432340;1433432697;6.38
1433433297;6.45;UP;UP;6.4;6.445;1433432997;1433432997;6.38
1433433594;6.455;UP;UP;6.4;6.445;1433432997;1433433297;6.38
1433433897;6.46;UP;UP;6.4;6.445;1433432997;1433433594;6.38
1433434196;6.44;DOWN;UP;6.46;6.445;1433433897;1433433897;6.38
1433434499;6.44;DOWN;DOWN;6.46;6.445;1433433897;1433434196;6.46
1433434784;6.44;DOWN;DOWN;6.46;6.445;1433433897;1433434499;6.46
1433435098;6.42;DOWN;DOWN;6.44;6.445;1433434784;1433434784;6.46
1433435398;6.41;DOWN;DOWN;6.44;6.445;1433434784;1433435098;6.46
1433435655;6.415;DOWN;DOWN;6.44;6.41;1433435398;1433435398;6.46
1433435999;6.425;DOWN;DOWN;6.44;6.41;1433435398;1433435655;6.46
1433436292;6.42;DOWN;DOWN;6.425;6.41;1433435999;1433435999;6.46
1433436592;6.42;DOWN;DOWN;6.425;6.41;1433435999;1433436292;6.46
1433436899;6.41;DOWN;DOWN;6.42;6.41;1433436592;1433436592;6.46
1433437197;6.405;DOWN;DOWN;6.42;6.41;1433436592;1433436899;6.46
1433437497;6.405;DOWN;DOWN;6.42;6.405;1433437197;1433437197;6.46
1433437784;6.39;DOWN;DOWN;6.42;6.405;1433437197;1433437497;6.46
1433438099;6.41;DOWN;DOWN;6.42;6.39;1433437784;1433437784;6.46
1433438394;6.405;DOWN;DOWN;6.42;6.39;1433437784;1433438099;6.46
1433438699;6.42;UP;DOWN;6.42;6.405;1433438394;1433438394;6.46
1433438993;6.435;UP;UP;6.42;6.405;1433438394;1433438699;6.405
1433439293;6.425;UP;UP;6.435;6.405;1433438993;1433438993;6.405
1433439540;6.43;UP;UP;6.435;6.405;1433438993;1433439293;6.405
1433439893;6.45;UP;UP;6.435;6.405;1433438993;1433439540;6.405
1433440199;6.46;UP;UP;6.435;6.405;1433438993;1433439893;6.405
1433440493;6.45;UP;UP;6.46;6.405;1433440199;1433440199;6.405
1433440797;6.435;UP;UP;6.46;6.405;1433440199;1433440493;6.405
1433441040;6.43;UP;UP;6.46;6.405;1433440199;1433440797;6.405
1433441343;6.42;UP;UP;6.46;6.405;1433440199;1433441040;6.405
1433441699;6.41;UP;UP;6.46;6.405;1433440199;1433441343;6.405
1433441988;6.41;DOWN;UP;6.46;6.41;1433441699;1433441699;6.405
1433442292;6.39;DOWN;DOWN;6.46;6.41;1433441699;1433441988;6.46
1433442599;6.39;DOWN;DOWN;6.46;6.39;1433442292;1433442292;6.46
1433442599;short;6.3910
1433442891;6.39;DOWN;DOWN;6.46;6.39;1433442292;1433442599;6.46
1433442891;short;6.3910
1433443189;6.38;DOWN;DOWN;6.39;6.39;1433442891;1433442891;6.46
1433443189;short;6.3810
1433443499;6.39;UP;DOWN;6.39;6.39;1433442891;1433443189;6.46
1433443797;6.39;UP;UP;6.39;6.39;1433443499;1433443499;6.39
1433444042;6.3899;DOWN;UP;6.39;6.39;1433443499;1433443797;6.39
1433444393;6.385;DOWN;DOWN;6.39;6.39;1433443499;1433444042;6.39
1433444694;6.405;UP;DOWN;6.39;6.385;1433444393;1433444393;6.39
1433444999;6.42;UP;UP;6.39;6.385;1433444393;1433444694;6.385
1433445296;6.43;UP;UP;6.39;6.385;1433444393;1433444999;6.385
1433445599;6.43;UP;UP;6.43;6.385;1433445296;1433445296;6.385
1433445899;6.43;UP;UP;6.43;6.385;1433445296;1433445599;6.385
1433446195;6.44;UP;UP;6.43;6.43;1433445899;1433445899;6.385
1433446499;6.44;UP;UP;6.43;6.43;1433445899;1433446195;6.385
1433446792;6.435;UP;UP;6.44;6.43;1433446499;1433446499;6.385
1433447099;6.425;DOWN;UP;6.44;6.43;1433446499;1433446792;6.385
1433447399;6.42;DOWN;DOWN;6.44;6.43;1433446499;1433447099;6.44
1433447699;6.425;DOWN;DOWN;6.44;6.42;1433447399;1433447399;6.44
1433447940;6.41;DOWN;DOWN;6.44;6.42;1433447399;1433447699;6.44
1433448000;6.41;DOWN;DOWN;6.44;6.41;1433447940;1433447940;6.44
1433511059;6.4235;DOWN;DOWN;6.44;6.41;1433447940;1433448000;6.44
1433511094;6.41;DOWN;DOWN;6.4235;6.41;1433511059;1433511059;6.44
1433511125;6.4;DOWN;DOWN;6.4235;6.41;1433511059;1433511094;6.44
1433511239;6.4;DOWN;DOWN;6.4235;6.41;1433511059;1433511125;6.44
1433511244;6.41;DOWN;DOWN;6.4235;6.4;1433511239;1433511239;6.44
1433511356;6.4;DOWN;DOWN;6.4235;6.4;1433511239;1433511244;6.44
1433511414;6.4;DOWN;DOWN;6.4235;6.4;1433511356;1433511356;6.44
1433511462;6.399;DOWN;DOWN;6.4235;6.4;1433511356;1433511414;6.44
1433511484;6.39;DOWN;DOWN;6.4235;6.4;1433511356;1433511462;6.44
1433511599;6.39;DOWN;DOWN;6.4235;6.39;1433511484;1433511484;6.44
1433511628;6.39;DOWN;DOWN;6.4235;6.39;1433511484;1433511599;6.44
1433511701;6.4;DOWN;DOWN;6.4235;6.39;1433511484;1433511628;6.44
1433511731;6.38;DOWN;DOWN;6.4;6.39;1433511701;1433511701;6.44
1433511788;6.385;DOWN;DOWN;6.4;6.39;1433511701;1433511731;6.44
1433511895;6.38;DOWN;DOWN;6.385;6.39;1433511788;1433511788;6.44
1433511952;6.39;UP;DOWN;6.385;6.39;1433511788;1433511895;6.44
1433512017;6.3649;DOWN;UP;6.39;6.39;1433511952;1433511952;6.39
1433512075;6.365;DOWN;DOWN;6.39;6.39;1433511952;1433512017;6.39
1433512136;6.39;UP;DOWN;6.39;6.39;1433511952;1433512075;6.39
1433512153;6.4;UP;UP;6.39;6.39;1433511952;1433512136;6.39
1433512259;6.38;DOWN;UP;6.4;6.39;1433512153;1433512153;6.39
1433512312;6.39;DOWN;DOWN;6.4;6.39;1433512153;1433512259;6.4
1433512325;6.39;UP;DOWN;6.39;6.39;1433512312;1433512312;6.4
1433512431;6.39;UP;UP;6.39;6.39;1433512312;1433512325;6.39
1433512496;6.4;UP;UP;6.39;6.39;1433512431;1433512431;6.39
1433512552;6.4;UP;UP;6.39;6.39;1433512431;1433512496;6.39
1433512618;6.4;UP;UP;6.39;6.39;1433512431;1433512552;6.39
1433512620;6.41;UP;UP;6.39;6.4;1433512618;1433512618;6.39
1433512718;6.405;UP;UP;6.39;6.4;1433512618;1433512620;6.39
1433512803;6.41;UP;UP;6.39;6.405;1433512718;1433512718;6.39
1433512914;6.4;UP;UP;6.39;6.405;1433512718;1433512803;6.39
1433512942;6.3906;UP;UP;6.39;6.405;1433512718;1433512914;6.39
1433513039;6.42;UP;UP;6.39;6.3906;1433512942;1433512942;6.39
1433513098;6.41;UP;UP;6.39;6.3906;1433512942;1433513039;6.39
1433513158;6.41;UP;UP;6.39;6.41;1433513098;1433513098;6.39
1433513190;6.4151;UP;UP;6.39;6.41;1433513098;1433513158;6.39
1433513279;6.4111;UP;UP;6.39;6.41;1433513098;1433513190;6.39
1433513284;6.445;UP;UP;6.39;6.4111;1433513279;1433513279;6.39
1433513398;6.44;UP;UP;6.39;6.4111;1433513279;1433513284;6.39
1433513457;6.44;UP;UP;6.39;6.44;1433513398;1433513398;6.39
1433513517;6.43;UP;UP;6.39;6.44;1433513398;1433513457;6.39
1433513577;6.44;UP;UP;6.39;6.43;1433513517;1433513517;6.39
1433513639;6.44;UP;UP;6.39;6.43;1433513517;1433513577;6.39
1433513697;6.47;UP;UP;6.39;6.44;1433513639;1433513639;6.39
1433513726;6.46;UP;UP;6.39;6.44;1433513639;1433513697;6.39
1433513782;6.4594;UP;UP;6.39;6.44;1433513639;1433513726;6.39
1433513854;6.465;UP;UP;6.39;6.4594;1433513782;1433513782;6.39
1433513937;6.46;UP;UP;6.39;6.4594;1433513782;1433513854;6.39
1433513999;6.45;UP;UP;6.39;6.4594;1433513782;1433513937;6.39
1433514032;6.45;UP;UP;6.39;6.45;1433513999;1433513999;6.39
1433514100;6.46;UP;UP;6.39;6.45;1433513999;1433514032;6.39
1433514179;6.46;UP;UP;6.46;6.45;1433514100;1433514100;6.39
1433514235;6.455;UP;UP;6.46;6.45;1433514100;1433514179;6.39
1433514242;6.46;UP;UP;6.46;6.455;1433514235;1433514235;6.39
1433514354;6.46;UP;UP;6.46;6.455;1433514235;1433514242;6.39
1433514418;6.47;UP;UP;6.46;6.46;1433514354;1433514354;6.39
1433514421;6.46;UP;UP;6.46;6.46;1433514354;1433514418;6.39
1433514539;6.46;UP;UP;6.46;6.46;1433514354;1433514421;6.39
1433514543;6.46;UP;UP;6.46;6.46;1433514354;1433514539;6.39
1433514619;6.45;DOWN;UP;6.46;6.46;1433514543;1433514543;6.39
1433514706;6.45;DOWN;DOWN;6.46;6.46;1433514543;1433514619;6.46
1433514778;6.46;UP;DOWN;6.46;6.45;1433514706;1433514706;6.46
1433514817;6.455;UP;UP;6.46;6.45;1433514706;1433514778;6.45
1433514840;6.45;DOWN;UP;6.46;6.45;1433514706;1433514817;6.45
1433514936;6.465;UP;DOWN;6.46;6.45;1433514840;1433514840;6.46
1433515011;6.48;UP;UP;6.46;6.45;1433514840;1433514936;6.45
1433515077;6.48;UP;UP;6.48;6.45;1433515011;1433515011;6.45
1433515139;6.47;UP;UP;6.48;6.45;1433515011;1433515077;6.45
1433515198;6.49;UP;UP;6.48;6.47;1433515139;1433515139;6.45
1433515259;6.52;UP;UP;6.48;6.47;1433515139;1433515198;6.45
1433515308;6.53;UP;UP;6.48;6.47;1433515139;1433515259;6.45
1433515379;6.53;UP;UP;6.53;6.47;1433515308;1433515308;6.45
1433515439;6.52;UP;UP;6.53;6.47;1433515308;1433515379;6.45
1433515496;6.535;UP;UP;6.53;6.52;1433515439;1433515439;6.45
1433515500;6.54;UP;UP;6.53;6.52;1433515439;1433515496;6.45
1433515583;6.5428;UP;UP;6.53;6.52;1433515439;1433515500;6.45
1433515627;6.54;UP;UP;6.5428;6.52;1433515583;1433515583;6.45
1433515719;6.54;UP;UP;6.5428;6.52;1433515583;1433515627;6.45
1433515799;6.52;DOWN;UP;6.54;6.52;1433515719;1433515719;6.45
1433515859;6.515;DOWN;DOWN;6.54;6.52;1433515719;1433515799;6.54
1433515918;6.52;DOWN;DOWN;6.54;6.515;1433515859;1433515859;6.54
1433515978;6.525;DOWN;DOWN;6.54;6.515;1433515859;1433515918;6.54
1433516032;6.52;DOWN;DOWN;6.525;6.515;1433515978;1433515978;6.54
1433516075;6.505;DOWN;DOWN;6.525;6.515;1433515978;1433516032;6.54
1433516159;6.51;DOWN;DOWN;6.525;6.515;1433515978;1433516075;6.54
1433516216;6.525;UP;DOWN;6.525;6.515;1433515978;1433516159;6.54
1433516272;6.53;UP;UP;6.525;6.515;1433515978;1433516216;6.515
1433516334;6.54;UP;UP;6.525;6.515;1433515978;1433516272;6.515
1433516398;6.53;UP;UP;6.54;6.515;1433516334;1433516334;6.515
1433516446;6.545;UP;UP;6.54;6.515;1433516334;1433516398;6.515
1433516519;6.55;UP;UP;6.54;6.515;1433516334;1433516446;6.515
1433516577;6.545;UP;UP;6.55;6.515;1433516519;1433516519;6.515
1433516581;6.545;UP;UP;6.55;6.515;1433516519;1433516577;6.515
1433516697;6.5401;UP;UP;6.55;6.515;1433516519;1433516581;6.515
